   1 Ari   1  530  11154
   2 Ari   2  493  10476
   3 Ari   3  515  10845
   4 Ari   4  522  10982
   5 Ari   5  545  11502
              546  11503
   6 Ari   6  553  11636
   7 Ari   7  559  11763
   8 Ari   8  563  11909
   9 Ari   9  569  11973
  10 Ari  10  605  12558
  11 Ari  11  615  12885
  12 Ari  12  613  12869
  13 Ari  13  617  12929
  14 Ari  14  623  13174
  15 Ari  15  631  13325
  16 Ari  16  633  13363
  17 Ari  17  646  13555
  18 Ari  18*
  19 Ari  19  648  13596
  20 Ari  20  656  13871
  21 Ari  21  657  13872
  22 Ari  22  669  14191
  23 Ari  23       14305
  24 Ari  24  702  14951
  25 Ari  25       15228
  26 Ari  26  729  15550
  27 Ari  27  731  15596
  28 Ari  28*
  29 Ari  29  741  15814
  30 Ari  30  764  16232
              765  16246
  31 Ari  31  763  16234
  32 Ari  32  773  16432
  33 Ari  33  782  16628
  34 Ari  34  793  16811
  35 Ari  35  801  16908
  36 Ari  36  808  17017
  37 Ari  37  809  17036
  38 Ari  38  812  17093
  39 Ari  39  824  17361
  40 Ari  40  828  17459
  41 Ari  41  838  17573
  42 Ari  42  836  17543
  43 Ari  43  847  17769
  44 Ari  44       18091
  45 Ari  45  867  18191
  46 Ari  46  869  18256
  47 Ari  47  878  18404
  48 Ari  48  887  18519
              888  18520
  49 Ari  49  905  18769
  50 Ari  50       18654
  51 Ari  51       18803
  52 Ari  52  927  19134
              928  19135
  53 Ari  53  938  19374
  54 Ari  54  940  19460
  55 Ari  55  944  19548
  56 Ari  56  954  19832
  57 Ari  57  951  19787
  58 Ari  58  972  20150
  59 Ari  59  995  20618
  60 Ari  60 1000  20663
  61 Ari  61 1005  20756
  62 Ari  62 1012  20825
  63 Ari  63 1015  20893
  64 Ari  64 1022  21017
  65 Ari  65 1027  21050
  66 Ari  66 1048  21467
  67 Tau   1 1030  21120
  68 Tau   2 1038  21364
  69 Tau   3*
  70 Tau   4 1061  21686
  71 Tau   5 1066  21754
  72 Tau   6 1079  21933
  73 Tau   7 1086  22091
  74 Tau   8*
  75 Tau   9       22374
  76 Tau  10 1101  22484
  77 Tau  11 1118  22805
  78 Tau  12 1115  22796
  79 Tau  13 1126  23016
  80 Tau  14 1132  23183
  81 Tau  15*
  82 Tau  16 1140  23288
  83 Tau  17 1142  23302
  84 Tau  18 1144  23324
  85 Tau  19 1145  23338
  86 Tau  20 1149  23408
  87 Tau  21 1151  23432
  88 Tau  22 1152  23441
  89 Tau  23 1156  23480
  90 Tau  24       23629
  91 Tau  25 1165  23630
  92 Tau  26       23822
  93 Tau  27 1178  23850
  94 Tau  28 1180  23862
  95 Tau  29 1153  23466
  96 Tau  30 1174  23793
  97 Tau  31 1199  24263
  98 Tau  32 1218  24740
  99 Tau  33 1221  24769
 100 Tau  34*
 101 Tau  35 1239  25204
 102 Tau  36 1252  25555
 103 Tau  37 1256  25604
 104 Tau  38 1251  25490
 105 Tau  39 1262  25680
 106 Tau  40 1253  25558
 107 Tau  41 1268  25823
 108 Tau  42 1269  25867
 109 Tau  43 1283  26162
 110 Tau  44 1287  26322
 111 Tau  45 1292  26462
 112 Tau  46 1309  26690
 113 Tau  47 1311  26722
 114 Tau  48 1319  26911
 115 Tau  49 1320  26912
 116 Tau  50 1329  27045
 117 Tau  51 1331  27176
 118 Tau  52 1348  27382
 119 Tau  53 1339  27295
 120 Tau  54 1346  27371
 121 Tau  55       27383
 122 Tau  56 1341  27309
 123 Tau  57 1351  27397
 124 Tau  58 1356  27459
 125 Tau  59 1369  27638
 126 Tau  60 1368  27628
 127 Tau  61 1373  27697
 128 Tau  62 1378  27778
 129 Tau  63 1376  27749
 130 Tau  64 1380  27819
 131 Tau  65 1387  27934
 132 Tau  66 1381  27820
 133 Tau  67 1388  27946
 134 Tau  68 1389  27962
 135 Tau  69 1392  28024
 136 Tau  70 1391  27991
 137 Tau  71 1394  28052
 138 Tau  72 1399  28149
 139 Tau  73 1396  28100
 140 Tau  74 1409  28305
 141 Tau  75 1407  28292
 142 Tau  76 1408  28294
 143 Tau  77 1411  28307
 144 Tau  78 1412  28319
 145 Tau  79 1414  28355
 146 Tau  80 1422  28485
 147 Tau  81 1428  28546
 148 Tau  82*
 149 Tau  83 1430  28556
 150 Tau  84       28595
 151 Tau  85 1432  28677
 152 Tau  86 1444  28910
 153 Tau  87 1457  29139
 154 Tau  88 1458  29140
 155 Tau  89 1472  29375
 156 Tau  90 1473  29388
 157 Tau  91 1478  29479
 158 Tau  92 1479  29488
 159 Tau  93 1484  29589
 160 Tau  94 1497  29763
 161 Tau  95 1499  29859
 162 Tau  96 1537  30605
 163 Tau  97 1547  30780
 164 Tau  98 1590  31592
 165 Tau  99 1586  31553
 166 Tau 100*
 167 Tau 101       31845
 168 Tau 102 1620  32301
 169 Tau 103 1659  32990
 170 Tau 104 1656  32923
 171 Tau 105 1660  32991
 172 Tau 106 1658  32977
 173 Tau 107       33121
 174 Tau 108 1711  34053
 175 Tau 109 1739  34559
 176 Tau 110 1774  35189
 177 Tau 111 1780  35296
 178 Tau 112 1791  35497
 179 Tau 113 1798  35532
 180 Tau 114 1810  35708
 181 Tau 115 1808  35671
 182 Tau 116 1814  35770
 183 Tau 117 1816  35802
 184 Tau 118 1821  35943
 185 Tau 119 1845  36389
 186 Tau 120 1858  36576
 187 Tau 121 1875  36819
 188 Tau 122 1905  37147
 189 Tau 123 1910  37202
 190 Tau 124*
 191 Tau 125 1928  37438
 192 Tau 126 1946  37711
 193 Tau 127       37940
 194 Tau 128       38219
 195 Tau 129 1985  38478
 196 Tau 130 1990  38558
 197 Tau 131 1989  38545
 198 Tau 132 2002  38751
 199 Tau 133 1993  38622
 200 Tau 134 2010  38899
 201 Tau 135 2016  39019
 202 Tau 136 2034  39357
 203 Tau 137 2033  39317
 204 Tau 138*
 205 Tau 139 2084  40111
 206 Tau 140       40545
 207 Tau 141 2116  40724
 208 Gem   1 2134  41116
 209 Gem   2       41543
 210 Gem   3 2173  42087
 211 Gem   4       42216
 212 Gem   5 2185  42398
 213 Gem   6 2197  42543
 214 Gem   7 2216  42995
 215 Gem   8 2230  43261
 216 Gem   9 2240  43384
 217 Gem  10       43740
 218 Gem  11       43818
 219 Gem  12       43836
 220 Gem  13 2286  44478
 221 Gem  14       44974
 222 Gem  15       45352
 223 Gem  16 2330  45394
 224 Gem  17*
 225 Gem  18 2343  45542
 226 Gem  19 2371  46031
 227 Gem  20       46136
 228 Gem  21*
 229 Gem  22       46516
 230 Gem  23       46781
 231 Gem  24 2421  47105
 232 Gem  25 2453  47731
 233 Gem  26 2466  48097
 234 Gem  27 2473  48329
 235 Gem  28 2480  48450
 236 Gem  29*
 237 Gem  30 2478  48433
 238 Gem  31 2484  48737
 239 Gem  32 2489  48843
 240 Gem  33 2519  49606
 241 Gem  34 2540  50019
 242 Gem  35 2525  49738
 243 Gem  36 2529  49908
 244 Gem  37 2569  50692
 245 Gem  38 2564  50635
 246 Gem  39 2601  51530
 247 Gem  40 2605  51688
 248 Gem  41 2615  52005
 249 Gem  42 2630  52497
 250 Gem  43 2650  52973
 251 Gem  44 2659  53257
 252 Gem  45 2684  54131
 253 Gem  46 2697  54719
 254 Gem  47 2700  54801
 255 Gem  48 2706  55052
 256 Gem  49       55156
 257 Gem  50*
 258 Gem  51 2717  55383
 259 Gem  52 2725  55621
 260 Gem  53 2738  55870
 261 Gem  54 2763  56537
 262 Gem  55 2777  56986
 263 Gem  56 2795  57423
 264 Gem  57 2808  57727
 265 Gem  58 2810  57744
 266 Gem  59 2816  57927
 267 Gem  60 2821  58207
 268 Gem  61 2837  58579
 269 Gem  62 2852  58946
 270 Gem  63 2846  58728
 271 Gem  64 2857  59037
 272 Gem  65 2861  59148
 273 Gem  66 2890  60178
             2891  60179
 274 Gem  67       60081
 275 Gem  68 2886  60107
 276 Gem  69 2905  60522
 277 Gem  70 2924  60986
 278 Gem  71 2930  61110
 279 Gem  72*
 280 Gem  73*
 281 Gem  74 2938  61338
 282 Gem  75 2973  62044
 283 Gem  76 2983  62285
 284 Gem  77 2985  62345
 285 Gem  78 2990  62509
 286 Gem  79 2991  62510
 287 Gem  80 3013  62898
 288 Gem  81 3003  62721
 289 Gem  82 3021  63208
 290 Gem  83 3067  64145
 291 Gem  84       64092
 292 Gem  85 3086  64648
 293 Cnc   1 3095  64960
 294 Cnc   2 3124  65714
 295 Cnc   3 3128  65759
 296 Cnc   4 3132  65856
 297 Cnc   5 3134  65873
 298 Cnc   6 3149  66216
 299 Cnc   7       66347
 300 Cnc   8 3163  66664
 301 Cnc   9 3169  66875
 302 Cnc  10 3176  67228
 303 Cnc  11       67402
 304 Cnc  12 3184  67483
 305 Cnc  13       67690
 306 Cnc  14 3191  67767
 307 Cnc  15 3215  68351
 308 Cnc  16 3208  68257
             3209  68255
             3210  68256
 309 Cnc  17 3249  69267
 310 Cnc  18 3262  69897
 311 Cnc  19 3268  70011
 312 Cnc  20 3284  70569
 313 Cnc  21 3290  70734
 314 Cnc  22 3304  71093
 315 Cnc  23 3310  71150
             3311  71151
 316 Cnc  24 3312  71152
             3313  71153
 317 Cnc  25 3299  71030
 318 Cnc  26*
 319 Cnc  27 3319  71250
 320 Cnc  28 3329  71496
 321 Cnc  29 3333  71555
 322 Cnc  30 3355  72041
 323 Cnc  31 3357  72094
 324 Cnc  32 3369  72324
 325 Cnc  33 3366  72292
 326 Cnc  34 3372  72359
 327 Cnc  35 3387  72779
 328 Cnc  36 3406  73143
 329 Cnc  37 3412  73316
 330 Cnc  38       73575
 331 Cnc  39 3427  73665
 332 Cnc  40       73666
 333 Cnc  41 3429  73731
 334 Cnc  42       73785
 335 Cnc  43 3449  74198
 336 Cnc  44       74200
 337 Cnc  45 3450  74228
 338 Cnc  46 3464  74485
 339 Cnc  47 3461  74442
 340 Cnc  48 3474  74738
             3475  74739
 341 Cnc  49 3465  74521
 342 Cnc  50 3481  74873
 343 Cnc  51 3519  75698
 344 Cnc  52       75558
 345 Cnc  53 3521  75716
 346 Cnc  54 3510  75528
 347 Cnc  55 3522  75732
 348 Cnc  56*
 349 Cnc  57 3532  75959
 350 Cnc  58 3540  76219
 351 Cnc  59 3555  76398
 352 Cnc  60 3550  76351
 353 Cnc  61 3563  76572
 354 Cnc  62 3561  76543
 355 Cnc  63 3565  76582
 356 Cnc  64 3575  76813
 357 Cnc  65 3572  76756
 358 Cnc  66 3587  77104
 359 Cnc  67 3589  77190
 360 Cnc  68       77230
 361 Cnc  69 3595  77350
 362 Cnc  70 3601  77557
 363 Cnc  71       77892
 364 Cnc  72 3621  78235
 365 Cnc  73*
 366 Cnc  74*
 367 Cnc  75 3626  78418
 368 Cnc  76 3623  78316
 369 Cnc  77 3627  78515
 370 Cnc  78       78479
 371 Cnc  79 3640  78715
 372 Cnc  80       79009
 373 Cnc  81 3650  79096
 374 Cnc  82 3669  79554
 375 Cnc  83       80218
 376 Leo   1 3731  81146
 377 Leo   2 3754  81858
 378 Leo   3 3755  81873
 379 Leo   4 3773  82308
 380 Leo   5 3782  82395
 381 Leo   6 3779  82381
 382 Leo   7 3818  83023
 383 Leo   8 3826  83189
 384 Leo   9       83273
 385 Leo  10 3827  83240
 386 Leo  11       83343
 387 Leo  12       83469
 388 Leo  13 3853  83821
 389 Leo  14 3852  83808
 390 Leo  15 3861  84107
 391 Leo  16 3866  84194
 392 Leo  17 3873  84441
 393 Leo  18 3877  84561
 394 Leo  19 3880  84722
 395 Leo  20 3889  85040
 396 Leo  21       85259
 397 Leo  22 3900  85376
 398 Leo  23 3896  85268
 399 Leo  24 3905  85503
 400 Leo  25*
 401 Leo  26       86359
 402 Leo  27 3937  86360
 403 Leo  28*
 404 Leo  29 3950  86663
 405 Leo  30 3975  87737
 406 Leo  31 3980  87837
 407 Leo  32 3982  87901
 408 Leo  33       88233
 409 Leo  34 3998  88355
 410 Leo  35 4030  89010
 411 Leo  36 4031  89025
 412 Leo  37 4035  89056
 413 Leo  38*
 414 Leo  39 4039  89125
 415 Leo  40 4054  89449
 416 Leo  41 4057  89484
             4058  89485
 417 Leo  42 4070  89774
 418 Leo  43 4077  89962
 419 Leo  44 4088  90254
 420 Leo  45 4101  90569
 421 Leo  46 4127  91232
 422 Leo  47 4133  91316
 423 Leo  48 4146  91612
 424 Leo  49 4148  91636
 425 Leo  50       92196
 426 Leo  51 4208  93257
 427 Leo  52 4209  93291
 428 Leo  53 4227  93702
 429 Leo  54 4259  94601
             4260  94602
 430 Leo  55 4265  94672
 431 Leo  56 4267  94705
 432 Leo  57       94738
 433 Leo  58 4291  95345
 434 Leo  59 4294  95382
 435 Leo  60 4300  95608
 436 Leo  61 4299  95578
 437 Leo  62 4306  95849
 438 Leo  63 4310  96097
 439 Leo  64 4322  96528
 440 Leo  65 4319  96436
 441 Leo  66       96855
 442 Leo  67 4332  96738
 443 Leo  68 4357  97603
 444 Leo  69 4356  97585
 445 Leo  70 4359  97633
 446 Leo  71       98824
 447 Leo  72 4362  97778
 448 Leo  73 4365  97907
 449 Leo  74 4368  98058
 450 Leo  75 4371  98118
 451 Leo  76 4381  98366
 452 Leo  77 4386  98664
 453 Leo  78 4399  99028
 454 Leo  79 4400  99055
 455 Leo  80 4410  99329
 456 Leo  81 4408  99285
 457 Leo  82       99305
 458 Leo  83 4414  99491
 459 Leo  84 4418  99648
 460 Leo  85 4426  99902
 461 Leo  86 4433 100006
 462 Leo  87 4432  99998
 463 Leo  88 4437 100180
 464 Leo  89 4455 100563
 465 Leo  90 4456 100600
 466 Leo  91 4471 100920
 467 Leo  92 4495 101484
 468 Leo  93 4527 102509
 469 Leo  94 4534 102647
 470 Leo  95 4564 103578
 471 Vir   1 4483 101153
 472 Vir   2 4515 102124
 473 Vir   3 4517 102212
 474 Vir   4 4528 102510
 475 Vir   5 4540 102870
 476 Vir   6 4559 103484
 477 Vir   7 4585 104181
 478 Vir   8 4589 104321
 479 Vir   9 4608 104979
 480 Vir  10 4626 105639
 481 Vir  11 4629 105702
 482 Vir  12 4650 106251
 483 Vir  13 4681 107070
 484 Vir  14      107161
 485 Vir  15 4689 107259
 486 Vir  16 4695 107328
 487 Vir  17 4708 107705
 488 Vir  18*
 489 Vir  19*
 490 Vir  20 4777 109217
 491 Vir  21 4781 109309
 492 Vir  22*
 493 Vir  23*
 494 Vir  24*
 495 Vir  25 4799 109704
 496 Vir  26 4813 110014
 497 Vir  27 4824 110377
 498 Vir  28      110418
 499 Vir  29 4825 110379
             4826 110380
 500 Vir  30 4828 110411
 501 Vir  31 4829 110423
 502 Vir  32 4847 110951
 503 Vir  33 4849 111028
 504 Vir  34 4855 111164
 505 Vir  35 4858 111239
 506 Vir  36 4865 111397
 507 Vir  37 4878 111765
 508 Vir  38 4891 111998
 509 Vir  39      112036
 510 Vir  40 4902 112142
 511 Vir  41 4900 112097
 512 Vir  42*
 513 Vir  43 4910 112300
 514 Vir  44 4921 112846
 515 Vir  45*
 516 Vir  46 4925 112992
 517 Vir  47 4932 113226
 518 Vir  48 4937 113459
 519 Vir  49 4955 114038
 520 Vir  50 4961 114287
 521 Vir  51 4963 114330
 522 Vir  52*
 523 Vir  53 4981 114642
 524 Vir  54 4990 114846
 525 Vir  55 4995 114946
 526 Vir  56      115062
 527 Vir  57 5001 115202
 528 Vir  58      115466
 529 Vir  59 5011 115383
 530 Vir  60 5015 115521
 531 Vir  61 5019 115617
 532 Vir  62      115903
 533 Vir  63 5044 116292
 534 Vir  64 5040 116235
 535 Vir  65 5047 116365
 536 Vir  66 5050 116568
 537 Vir  67 5056 116658
 538 Vir  68 5064 116870
 539 Vir  69 5068 116976
 540 Vir  70 5072 117176
 541 Vir  71 5081 117304
 542 Vir  72 5088 117436
 543 Vir  73 5094 117661
 544 Vir  74 5095 117675
 545 Vir  75 5099 117789
 546 Vir  76 5100 117818
 547 Vir  77      117878
 548 Vir  78 5105 118022
 549 Vir  79 5107 118098
 550 Vir  80 5111 118219
 551 Vir  81      118511
 552 Vir  82 5150 119149
 553 Vir  83 5165 119605
 554 Vir  84 5159 119425
 555 Vir  85 5170 119786
 556 Vir  86 5173 119853
 557 Vir  87 5181 120052
 558 Vir  88      120235
 559 Vir  89 5196 120452
 560 Vir  90 5232 121299
 561 Vir  91*
 562 Vir  92 5244 121607
 563 Vir  93 5264 122408
 564 Vir  94      123177
 565 Vir  95 5290 123255
 566 Vir  96 5298 123630
 567 Vir  97      124248
 568 Vir  98 5315 124294
 569 Vir  99 5338 124850
 570 Vir 100 5359 125337
 571 Vir 101 5352 125180
 572 Vir 102 5366 125454
 573 Vir 103      125817
 574 Vir 104 5406 126722
 575 Vir 105 5409 126868
 576 Vir 106 5410 126927
 577 Vir 107 5487 129502
 578 Vir 108 5501 129956
 579 Vir 109 5511 130109
 580 Vir 110 5601 133165
 581 Lib   1*
 582 Lib   2 5383 126035
 583 Lib   3      128756
 584 Lib   4 5484 129433
 585 Lib   5 5503 129978
 586 Lib   6 5526 130694
 587 Lib   7 5523 130559
 588 Lib   8 5530 130819
 589 Lib   9 5531 130841
 590 Lib  10      131027
 591 Lib  11 5535 130952
 592 Lib  12 5548 131430
 593 Lib  13 5554 131530
 594 Lib  14      131992
 595 Lib  15 5564 131918
 596 Lib  16 5570 132052
 597 Lib  17 5578 132230
 598 Lib  18 5582 132345
 599 Lib  19 5586 132742
 600 Lib  20 5603 133216
 601 Lib  21 5622 133774
 602 Lib  22      133800
 603 Lib  23 5657 134987
 604 Lib  24 5652 134759
 605 Lib  25 5656 134967
 606 Lib  26 5662 135230
 607 Lib  27 5685 135742
 608 Lib  28 5701 136366
 609 Lib  29 5703 136407
 610 Lib  30      136801
 611 Lib  31 5723 137052
 612 Lib  32 5743 137744
 613 Lib  33      137949
 614 Lib  34 5750 138137
 615 Lib  35 5764 138485
 616 Lib  36 5775 138688
 617 Lib  37 5777 138716
 618 Lib  38 5787 138905
 619 Lib  39 5794 139063
 620 Lib  40 5812 139365
 621 Lib  41 5814 139446
 622 Lib  42 5824 139663
 623 Lib  43 5838 139997
 624 Lib  44 5848 140417
 625 Lib  45 5902 142096
 626 Lib  46 5908 142198
 627 Lib  47 5915 142378
 628 Lib  48 5941 142983
 629 Lib  49 5954 143333
 630 Lib  50 5959 143459
 631 Lib  51 5977 144069
             5978 144070
 632 Sco   1 5885 141637
 633 Sco   2 5904 142114
 634 Sco   3 5912 142301
 635 Sco   4 5917 142445
 636 Sco   5 5928 142669
 637 Sco   6 5944 143018
 638 Sco   7 5953 143275
 639 Sco   8 5984 144217
             5985 144218
 640 Sco   9 5993 144470
 641 Sco  10 5997 144608
 642 Sco  11 6002 144708
 643 Sco  12 6029 145483
 644 Sco  13 6028 145482
 645 Sco  14 6026 145501
             6027 145502
 646 Sco  15 6031 145570
 647 Sco  16 6033 145607
 648 Sco  17 6048 145897
 649 Sco  18 6060 146233
 650 Sco  19 6081 147084
 651 Sco  20 6084 147165
 652 Sco  21 6134 148478
 653 Sco  22 6141 148605
 654 Sco  23 6165 149438
 655 Sco  24 6196 150416
 656 Sco  25 6225 151179
 657 Sco  26 6241 151680
 658 Sco  27 6288 152820
 659 Sco  28 6350 154418
 660 Sco  29      155685
 661 Sco  30      156026
 662 Sco  31      156252
 663 Sco  32      156992
 664 Sco  33 6474 157588
 665 Sco  34 6508 158408
 666 Sco  35 6527 158926
 667 Sgr   1 6801 166464
 668 Sgr   2      160042
 669 Sgr   3 6616 161592
 670 Sgr   4 6700 163955
 671 Sgr   5      164031
 672 Sgr   6 6715 164358
 673 Sgr   7 6724 164584
 674 Sgr   8*
 675 Sgr   9 6736 164794
 676 Sgr  10 6746 165135
 677 Sgr  11      165921
 678 Sgr  12      166767
 679 Sgr  13 6812 166937
 680 Sgr  14 6816 167036
 681 Sgr  15 6822 167264
 682 Sgr  16 6823 167263
 683 Sgr  17      167570
 684 Sgr  18 6888 169233
 685 Sgr  19 6859 168454
 686 Sgr  20 6879 169022
 687 Sgr  21 6896 169420
 688 Sgr  22 6913 169916
 689 Sgr  23      170457
 690 Sgr  24 6961 171115
 691 Sgr  25 6965 171237
 692 Sgr  26 7011 172546
 693 Sgr  27 7039 173300
 694 Sgr  28 7046 173460
 695 Sgr  29 7078 174116
 696 Sgr  30 7088 174309
 697 Sgr  31      174596
 698 Sgr  32 7116 174974
 699 Sgr  33 7114 174947
 700 Sgr  34 7121 175191
 701 Sgr  35 7120 175190
 702 Sgr  36 7145 175687
 703 Sgr  37 7150 175775
 704 Sgr  38 7194 176687
 705 Sgr  39 7217 177241
 706 Sgr  40 7234 177716
 707 Sgr  41 7264 178524
 708 Sgr  42 7292 179950
 709 Sgr  43 7304 180540
 710 Sgr  44 7340 181577
 711 Sgr  45 7344 181645
 712 Sgr  46 7342 181615
 713 Sgr  47 7362 182369
 714 Sgr  48      182391
 715 Sgr  49 7363 182416
 716 Sgr  50 7375 182629
 717 Sgr  51 7431 184552
 718 Sgr  52 7440 184707
 719 Sgr  53 7470 185404
 720 Sgr  54 7476 185644
 721 Sgr  55 7489 186005
 722 Sgr  56 7515 186648
 723 Sgr  57 7561 187739
 724 Sgr  58 7597 188376
 725 Sgr  59 7604 188603
 726 Sgr  60 7618 189005
 727 Sgr  61 7614 188899
 728 Sgr  62 7650 189763
 729 Sgr  63 7649 189741
 730 Sgr  64 7671 190390
 731 Sgr  65 7675 190454
 732 Cap   1 7712 191753
 733 Cap   2 7715 191862
 734 Cap   3 7738 192666
 735 Cap   4 7748 192879
 736 Cap   5 7747 192876
 737 Cap   6 7754 192947
 738 Cap   7 7761 193150
 739 Cap   8 7773 193432
 740 Cap   9 7776 193495
 741 Cap  10 7814 194636
 742 Cap  11 7822 194943
 743 Cap  12 7829 195093
             7830 195094
 744 Cap  13      196348
 745 Cap  14 7889 196662
 746 Cap  15 7900 196777
 747 Cap  16 7936 197692
 748 Cap  17 7937 197725
 749 Cap  18 7980 198542
 750 Cap  19 8000 199012
 751 Cap  20 8033 199728
 752 Cap  21      199947
 753 Cap  22 8060 200499
 754 Cap  23 8075 200761
 755 Cap  24 8080 200914
 756 Cap  25 8087 201184
 757 Cap  26      201301
 758 Cap  27 8091 201352
 759 Cap  28 8127 202320
 760 Cap  29 8128 202369
 761 Cap  30 8137 202671
 762 Cap  31 8139 202723
 763 Cap  32 8167 203387
 764 Cap  33 8183 203638
 765 Cap  34 8204 204075
 766 Cap  35 8207 204139
 767 Cap  36 8213 204381
 768 Cap  37 8245 205289
 769 Cap  38      205306
 770 Cap  39 8260 205637
 771 Cap  40 8278 206088
 772 Cap  41 8285 206356
 773 Cap  42 8283 206301
 774 Cap  43 8288 206453
 775 Cap  44 8295 206561
 776 Cap  45 8302 206677
 777 Cap  46 8311 206834
 778 Cap  47 8318 207005
 779 Cap  48 8319 207052
 780 Cap  49 8322 207098
 781 Cap  50      207061
 782 Cap  51 8351 207958
 783 Aqr   1 7897 196758
 784 Aqr   2 7950 198001
 785 Aqr   3 7951 198026
 786 Aqr   4 7982 198571
 787 Aqr   5 7985 198667
 788 Aqr   6 7990 198743
 789 Aqr   7 8015 199345
 790 Aqr   8      199828
 791 Aqr   9      200004
 792 Aqr  10      199944
 793 Aqr  11 8041 199960
 794 Aqr  12 8058 200496
             8059 200497
 795 Aqr  13 8093 201381
 796 Aqr  14      202466
 797 Aqr  15 8141 202753
 798 Aqr  16 8160 203222
 799 Aqr  17 8175 203525
 800 Aqr  18 8187 203705
 801 Aqr  19 8195 203875
 802 Aqr  20 8192 203843
 803 Aqr  21 8199 203926
 804 Aqr  22 8232 204867
 805 Aqr  23 8264 205767
 806 Aqr  24      206058
 807 Aqr  25 8277 206067
 808 Aqr  26 8287 206445
 809 Aqr  27 8328 207203
 810 Aqr  28 8390 209128
 811 Aqr  29 8396 209278
 812 Aqr  30 8401 209396
 813 Aqr  31 8402 209409
 814 Aqr  32 8410 209625
 815 Aqr  33 8418 209819
 816 Aqr  34 8414 209750
 817 Aqr  35 8439 210191
 818 Aqr  36      210269
 819 Aqr  37      210422
 820 Aqr  38 8452 210424
 821 Aqr  39 8462 210705
 822 Aqr  40      210845
 823 Aqr  41 8480 210960
 824 Aqr  42 8496 211361
 825 Aqr  43 8499 211391
 826 Aqr  44 8504 211434
 827 Aqr  45 8508 211676
 828 Aqr  46 8512 211838
 829 Aqr  47 8516 212010
 830 Aqr  48 8518 212061
 831 Aqr  49 8529 212271
 832 Aqr  50 8534 212430
 833 Aqr  51 8533 212404
 834 Aqr  52 8539 212571
 835 Aqr  53 8544 212697
             8545 212698
 836 Aqr  54      212741
 837 Aqr  55 8558 213051
             8559 213052
 838 Aqr  56 8567 213236
 839 Aqr  57 8573 213320
 840 Aqr  58 8583 213464
 841 Aqr  59 8592 213845
 842 Aqr  60 8590 213789
 843 Aqr  61      214028
 844 Aqr  62 8597 213998
 845 Aqr  63 8610 214376
 846 Aqr  64      214572
 847 Aqr  65      215097
 848 Aqr  66 8649 215167
 849 Aqr  67 8647 215143
 850 Aqr  68 8670 215721
 851 Aqr  69 8673 215766
 852 Aqr  70 8676 215874
 853 Aqr  71 8679 216032
 854 Aqr  72      216182
 855 Aqr  73 8698 216386
 856 Aqr  74 8704 216494
 857 Aqr  75      216567
 858 Aqr  76 8709 216627
 859 Aqr  77 8711 216640
 860 Aqr  78 8710 216637
 861 Aqr  79 8728 216956
 862 Aqr  80*
 863 Aqr  81 8757 217531
 864 Aqr  82 8763 217701
 865 Aqr  83 8782 218060
 866 Aqr  84      218081
 867 Aqr  85      218173
 868 Aqr  86 8789 218240
 869 Aqr  87      218331
 870 Aqr  88 8812 218594
 871 Aqr  89 8817 218640
 872 Aqr  90 8834 219215
 873 Aqr  91 8841 219449
 874 Aqr  92 8850 219576
 875 Aqr  93 8858 219688
 876 Aqr  94 8866 219834
 877 Aqr  95 8865 219832
 878 Aqr  96 8868 219877
 879 Aqr  97 8890 220278
 880 Aqr  98 8892 220321
 881 Aqr  99 8906 220704
 882 Aqr 100 8932 221357
 883 Aqr 101 8939 221565
 884 Aqr 102 8968 222345
 885 Aqr 103 8980 222547
 886 Aqr 104 8982 222574
 887 Aqr 105 8988 222661
 888 Aqr 106 8998 222847
 889 Aqr 107 9002 223024
 890 Aqr 108 9031 223640
 891 Psc   1 8715 216701
 892 Psc   2 8742 217264
 893 Psc   3 8750 217428
 894 Psc   4 8773 217891
 895 Psc   5 8807 218527
 896 Psc   6 8852 219615
 897 Psc   7 8878 220009
 898 Psc   8 8911 220825
 899 Psc   9 8912 220858
 900 Psc  10 8916 220954
 901 Psc  11      221147
 902 Psc  12      221146
 903 Psc  13 8934 221409
 904 Psc  14 8944 221675
 905 Psc  15      221833
 906 Psc  16 8954 221950
 907 Psc  17 8969 222368
 908 Psc  18 8984 222603
 909 Psc  19 9004 223075
 910 Psc  20 9012 223252
 911 Psc  21 9022 223438
 912 Psc  22 9033 223719
 913 Psc  23 9035 223755
 914 Psc  24 9041 223825
 915 Psc  25 9042 223855
 916 Psc  26 9048 224103
 917 Psc  27 9067 224533
 918 Psc  28 9072 224617
 919 Psc  29 9087 224926
 920 Psc  30 9089 224935
 921 Psc  31 9092 224995
 922 Psc  32 9093 225003
 923 Psc  33    3     28
 924 Psc  34   26    560
 925 Psc  35   50   1061
 926 Psc  36   59   1227
 927 Psc  37        1243
 928 Psc  38        1317
 929 Psc  39        1352
 930 Psc  40        1563
 931 Psc  41   80   1635
 932 Psc  42   86   1796
 933 Psc  43        2035
 934 Psc  44   97   2114
 935 Psc  45        2140
 936 Psc  46        2410
 937 Psc  47  103   2411
 938 Psc  48  106   2436
 939 Psc  49        2714
 940 Psc  50*
 941 Psc  51  132   2913
 942 Psc  52  131   2910
 943 Psc  53  155   3379
 944 Psc  54  166   3651
 945 Psc  55  167   3690
 946 Psc  56*
 947 Psc  57  211   4408
 948 Psc  58  213   4482
 949 Psc  59  214   4490
 950 Psc  60  216   4526
 951 Psc  61  217   4568
 952 Psc  62  221   4627
 953 Psc  63  224   4656
 954 Psc  64  225   4676
 955 Psc  65  230   4757
              231   4758
 956 Psc  66  254   5267
 957 Psc  67  262   5382
 958 Psc  68  274   5575
 959 Psc  69  291   6118
 960 Psc  70        6077
 961 Psc  71  294   6186
 962 Psc  72  308   6397
 963 Psc  73  307   6386
 964 Psc  74  310   6456
              311   6457
 965 Psc  75  319   6557
 966 Psc  76        6476
 967 Psc  77  313   6479
              314   6480
 968 Psc  78  327   6680
 969 Psc  79  328   6695
 970 Psc  80  330   6763
 971 Psc  81  339   6903
 972 Psc  82  349   7034
 973 Psc  83  352   7106
 974 Psc  84  351   7087
 975 Psc  85  360   7318
 976 Psc  86  361   7344
              362   7345
 977 Psc  87  364   7374
 978 Psc  88  367   7446
 979 Psc  89  378   7804
 980 Psc  90  383   7964
 981 Psc  91  389   8126
 982 Psc  92        8442
 983 Psc  93  413   8723
 984 Psc  94  414   8763
 985 Psc  95        8875
 986 Psc  96        9024
 987 Psc  97  432   9100
 988 Psc  98  434   9138
 989 Psc  99  437   9270
 990 Psc 100        9656
 991 Psc 101  455   9766
 992 Psc 102  463   9919
 993 Psc 103       10113
 994 Psc 104       10135
 995 Psc 105  475  10164
 996 Psc 106  489  10380
 997 Psc 107  493  10476
 998 Psc 108*
 999 Psc 109  508  10697
1000 Psc 110  510  10761
1001 Psc 111  549  11559
1002 Psc 112  582  12235
1003 Psc 113  595  12446
              596  12447
1004 Cet   1 9065 224481
1005 Cet   2 9098 225132
1006 Cet   3 9103 225212
1007 Cet   4   11    315
1008 Cet   5   14    352
1009 Cet   6   33    693
1010 Cet   7   48   1038
1011 Cet   8   74   1522
1012 Cet   9   88   1835
1013 Cet  10  101   2273
1014 Cet  11        2629
1015 Cet  12  117   2637
1016 Cet  13  142   3196
1017 Cet  14  143   3229
1018 Cet  15        3512
1019 Cet  16  188   4128
1020 Cet  17  194   4188
1021 Cet  18  203   4307
1022 Cet  19  235   4813
1023 Cet  20  248   5112
1024 Cet  21  255   5268
1025 Cet  22  267   5437
1026 Cet  23  279   5722
1027 Cet  24*
1028 Cet  25  296   6203
1029 Cet  26  301   6288
1030 Cet  27  315   6482
1031 Cet  28  317   6530
1032 Cet  29        6734
1033 Cet  30  329   6706
1034 Cet  31  334   6805
1035 Cet  32  346   6976
1036 Cet  33  347   7014
1037 Cet  34  353   7147
1038 Cet  35        7218
1039 Cet  36        7268
1040 Cet  37  366   7439
1041 Cet  38  368   7476
1042 Cet  39  373   7672
1043 Cet  40        7727
1044 Cet  41        7812
1045 Cet  42  385   8036
1046 Cet  43  393   8335
1047 Cet  44  401   8511
1048 Cet  45  402   8512
1049 Cet  46  412   8705
1050 Cet  47  421   8829
1051 Cet  48  433   9132
1052 Cet  49  451   9672
1053 Cet  50  459   9856
1054 Cet  51  489  10380
1055 Cet  52  509  10700
1056 Cet  53  531  11171
1057 Cet  54  534  11257
1058 Cet  55  539  11353
1059 Cet  56  565  11930
1060 Cet  57  583  12255
1061 Cet  58       12020
1062 Cet  59  585  12274
1063 Cet  60  607  12573
1064 Cet  61  610  12641
1065 Cet  62       13228
1066 Cet  63  639  13468
1067 Cet  64  635  13421
1068 Cet  65  649  13611
1069 Cet  66  650  13612
1070 Cet  67  666  14129
1071 Cet  68  681  14386
1072 Cet  69  689  14652
1073 Cet  70  691  14690
1074 Cet  71  704  15004
1075 Cet  72  708  15130
1076 Cet  73  718  15318
1077 Cet  74*
1078 Cet  75  739  15779
1079 Cet  76  740  15798
1080 Cet  77  752  16074
1081 Cet  78  754  16161
1082 Cet  79       16141
1083 Cet  80  759  16212
1084 Cet  81  771  16400
1085 Cet  82  779  16582
1086 Cet  83  781  16620
1087 Cet  84  790  16765
1088 Cet  85  797  16861
1089 Cet  86  804  16970
1090 Cet  87  813  17094
1091 Cet  88  812  17093
1092 Cet  89  811  17081
1093 Cet  90  818  17206
1094 Cet  91  896  18604
1095 Cet  92  911  18884
1096 Cet  93  910  18883
1097 Cet  94  962  19994
1098 Cet  95  992  20559
1099 Cet  96  996  20630
1100 Cet  97 1007  20791
1101 Eri   1  818  17206
1102 Eri   2  850  17824
1103 Eri   3  874  18322
1104 Eri   4  883  18454
1105 Eri   5  899  18633
1106 Eri   6  889  18535
1107 Eri   7  904  18760
1108 Eri   8  907  18784
1109 Eri   9  917  18953
1110 Eri  10  925  19107
1111 Eri  11  919  18978
1112 Eri  12  963  20010
1113 Eri  13  984  20320
1114 Eri  14  988  20395
1115 Eri  15  994  20610
1116 Eri  16 1003  20720
1117 Eri  17 1070  21790
1118 Eri  18 1084  22049
1119 Eri  19 1088  22203
1120 Eri  20 1100  22470
1121 Eri  21 1111  22713
1122 Eri  22 1121  22920
1123 Eri  23 1136  23249
1124 Eri  24 1146  23363
1125 Eri  25 1150  23413
1126 Eri  26 1162  23614
1127 Eri  27 1173  23754
1128 Eri  28 1181  23878
1129 Eri  29       24371
1130 Eri  30 1202  24388
1131 Eri  31*
1132 Eri  32 1211  24554
             1212  24555
1133 Eri  33 1213  24587
1134 Eri  34 1231  25025
1135 Eri  35 1244  25340
1136 Eri  36 1240  25267
1137 Eri  37 1290  26409
1138 Eri  38 1298  26574
1139 Eri  39 1318  26846
1140 Eri  40 1325  26965
1141 Eri  41 1347  27376
1142 Eri  42 1383  27861
1143 Eri  43 1393  28028
1144 Eri  44 1415  28375
1145 Eri  45 1437  28749
1146 Eri  46 1449  29009
1147 Eri  47 1451  29064
1148 Eri  48 1463  29248
1149 Eri  49 1469  29335
1150 Eri  50 1453  29085
1151 Eri  51 1474  29391
1152 Eri  52 1464  29291
1153 Eri  53 1481  29503
1154 Eri  54 1496  29755
1155 Eri  55 1505  30020
             1506  30021
1156 Eri  56 1508  30076
1157 Eri  57 1520  30211
1158 Eri  58 1532  30495
1159 Eri  59 1538  30606
1160 Eri  60 1549  30814
1161 Eri  61 1560  31109
1162 Eri  62 1582  31512
1163 Eri  63 1608  32008
1164 Eri  64 1611  32045
1165 Eri  65 1617  32249
1166 Eri  66 1657  32964
1167 Eri  67 1666  33111
1168 Eri  68 1673  33256
1169 Eri  69 1679  33328
1170 Ori   1 1543  30652
1171 Ori   2 1544  30739
1172 Ori   3 1552  30836
1173 Ori   4 1556  30959
1174 Ori   5 1562  31139
1175 Ori   6 1569  31283
1176 Ori   7 1570  31295
1177 Ori   8 1567  31237
1178 Ori   9 1580  31421
1179 Ori  10 1601  31767
1180 Ori  11 1638  32549
1181 Ori  12*
1182 Ori  13 1662  33021
1183 Ori  14 1664  33054
1184 Ori  15 1676  33276
1185 Ori  16 1672  33254
1186 Ori  17 1698  33856
1187 Ori  18 1718  34203
1188 Ori  19 1713  34085
1189 Ori  20 1735  34503
1190 Ori  21 1746  34658
1191 Ori  22 1765  35039
1192 Ori  23 1770  35149
1193 Ori  24 1790  35468
1194 Ori  25 1789  35439
1195 Ori  26*
1196 Ori  27 1787  35410
1197 Ori  28 1788  35411
1198 Ori  29 1784  35369
1199 Ori  30 1811  35715
1200 Ori  31 1834  36167
1201 Ori  32 1839  36267
1202 Ori  33 1842  36351
1203 Ori  34 1851  36485
             1852  36486
1204 Ori  35 1864  36653
1205 Ori  36 1855  36512
1206 Ori  37 1876  36822
1207 Ori  38 1872  36777
1208 Ori  39 1879  36861
             1880  36862
1209 Ori  40 1907  37160
1210 Ori  41 1893  37020
             1894  37021
             1895  37022
             1896  37023
1211 Ori  42 1892  37018
1212 Ori  43 1897  37041
1213 Ori  44 1899  37043
1214 Ori  45 1901  37077
1215 Ori  46 1903  37128
1216 Ori  47 1934  37490
1217 Ori  48 1931  37468
1218 Ori  49 1937  37507
1219 Ori  50 1948  37742
             1949  37743
1220 Ori  51 1963  37984
1221 Ori  52 1999  38710
1222 Ori  53 2004  38771
1223 Ori  54 2047  39587
1224 Ori  55 2031  39291
1225 Ori  56 2037  39400
1226 Ori  57 2052  39698
1227 Ori  58 2061  39801
1228 Ori  59 2100  40372
1229 Ori  60 2103  40446
1230 Ori  61 2124  40932
1231 Ori  62 2135  41117
1232 Ori  63 2144  41361
1233 Ori  64 2130  41040
1234 Ori  65*
1235 Ori  66 2145  41380
1236 Ori  67 2159  41753
1237 Ori  68 2193  42509
1238 Ori  69 2198  42545
1239 Ori  70 2199  42560
1240 Ori  71 2220  43042
1241 Ori  72 2223  43153
1242 Ori  73 2229  43247
1243 Ori  74 2241  43386
1244 Ori  75 2247  43525
1245 Ori  76*
1246 Ori  77 2334  45416
1247 Ori  78 2335  45433
1248 Lep   1 1634  32503
1249 Lep   2 1654  32887
1250 Lep   3 1696  33802
1251 Lep   4 1705  33949
1252 Lep   5 1702  33904
1253 Lep   6 1756  34816
1254 Lep   7 1757  34863
1255 Lep   8 1783  35337
1256 Lep   9 1829  36079
1257 Lep  10 1849  36473
1258 Lep  11 1865  36673
1259 Lep  12 1968  38090
1260 Lep  13 1983  38393
1261 Lep  14 1998  38678
1262 Lep  15 2035  39364
1263 Lep  16 2085  40136
1264 Lep  17 2148  41511
1265 Lep  18 2155  41695
1266 Lep  19 2168  42042
1267 Mon   1 2107  40535
1268 Mon   2 2108  40536
1269 Mon   3 2128  40967
1270 Mon   4       42116
1271 Mon   5 2227  43232
1272 Mon   6 2255  43760
1273 Mon   7 2273  44112
1274 Mon   8 2298  44769
             2299  44770
1275 Mon   9       45418
1276 Mon  10 2344  45546
1277 Mon  11 2356  45725
             2357  45726
             2358  45727
1278 Mon  12 2382  46241
1279 Mon  13 2385  46300
1280 Mon  14 2404  46642
1281 Mon  15 2456  47839
1282 Mon  16 2494  48977
1283 Mon  17 2503  49161
1284 Mon  18 2506  49293
1285 Mon  19 2648  52918
1286 Mon  20 2701  54810
1287 Mon  21 2707  55057
1288 Mon  22 2714  55185
1289 Mon  23       55533
1290 Mon  24 2744  56003
1291 Mon  25 2927  61064
1292 Mon  26 2970  61935
1293 Mon  27 3122  65695
1294 Mon  28 3141  65953
1295 Mon  29 3188  67594
1296 Mon  30 3314  71155
1297 Mon  31 3459  74395
1298 CMa   1 2282  44402
1299 CMa   2 2294  44743
1300 CMa   3 2296  44762
1301 CMa   4 2387  46328
1302 CMa   5 2414  46933
1303 CMa   6 2423  47138
1304 CMa   7 2429  47205
1305 CMa   8 2443  47442
1306 CMa   9 2491  48915
1307 CMa  10 2492  48917
1308 CMa  11 2504  49229
1309 CMa  12 2509  49333
1310 CMa  13 2538  50013
1311 CMa  14 2574  50778
1312 CMa  15 2571  50707
1313 CMa  16 2580  50877
1314 CMa  17 2588  51055
1315 CMa  18 2593  51250
1316 CMa  19 2590  51199
1317 CMa  20 2596  51309
1318 CMa  21 2618  52089
1319 CMa  22 2646  52877
1320 CMa  23 2657  53244
1321 CMa  24 2653  53138
1322 CMa  25 2693  54605
1323 CMa  26 2718  55522
1324 CMa  27 2745  56014
1325 CMa  28 2749  56139
1326 CMa  29 2781  57060
1327 CMa  30 2782  57061
1328 CMa  31 2827  58350
1329 CMi   1 2820  58187
1330 CMi   2 2828  58367
1331 CMi   3 2845  58715
1332 CMi   4 2854  58972
1333 CMi   5 2851  58923
1334 CMi   6 2864  59294
1335 CMi   7 2880  59881
1336 CMi   8 2887  60111
1337 CMi   9 2901  60357
1338 CMi  10 2943  61421
1339 CMi  11 3008  62832
1340 CMi  12*
1341 CMi  13 3059  63975
1342 CMi  14 3110  65345
1343 Pup   1 2993  62576
1344 Pup   2 3009  62863
             3010  62864
1345 Pup   3 2996  62623
1346 Pup   4 3015  62952
1347 Pup   5 3029  63336
1348 Pup   6 3044  63697
1349 Pup   7 3045  63700
1350 Pup   8 3063  64077
1351 Pup   9 3064  64096
1352 Pup  10 3073  64238
1353 Pup  11 3102  65228
1354 Pup  12 3123  65699
1355 Pup  13 3145  66141
1356 Pup  14 3168  66834
1357 Pup  15 3185  67523
1358 Pup  16 3192  67797
1359 Pup  17*
1360 Pup  18 3202  68146
1361 Pup  19 3211  68290
1362 Pup  20 3229  68752
1363 Pup  21 3257  69665
1364 Pup  22 3289  70673
1365 Hya   1 3297  70958
1366 Hya   2 3321  71297
1367 Hya   3 3398  72968
1368 Hya   4 3410  73262
1369 Hya   5 3418  73471
1370 Hya   6 3431  73840
1371 Hya   7 3454  74280
1372 Hya   8*
1373 Hya   9 3441  74137
1374 Hya  10 3469  74591
1375 Hya  11 3482  74874
1376 Hya  12 3484  74918
1377 Hya  13 3492  75137
1378 Hya  14 3500  75333
1379 Hya  15 3523  75737
1380 Hya  16 3547  76294
1381 Hya  17 3552  76369
             3553  76370
1382 Hya  18 3613  77996
1383 Hya  19 3630  78556
1384 Hya  20 3641  78732
1385 Hya  21 3655  79193
1386 Hya  22 3665  79469
1387 Hya  23 3681  79910
1388 Hya  24 3683  79931
1389 Hya  25       80105
1390 Hya  26 3706  80499
1391 Hya  27 3709  80586
1392 Hya  28 3738  81420
1393 Hya  29 3744  81728
1394 Hya  30 3748  81797
1395 Hya  31 3759  81997
1396 Hya  32 3787  82446
1397 Hya  33 3814  82870
1398 Hya  34 3832  83373
1399 Hya  35 3845  83618
1400 Hya  36*
1401 Hya  37 3846  83650
1402 Hya  38 3849  83754
1403 Hya  39 3903  85444
1404 Hya  40 3970  87504
1405 Hya  41 3994  88284
1406 Hya  42 4094  90432
1407 Hya  43       91369
1408 Hya  44 4145  91550
1409 Crt   1 4156  91880
1410 Crt   2 4171  92214
1411 Crt   3 4214  93397
1412 Crt   4 4232  93813
1413 Crt   5       94046
1414 Crt   6 4251  94388
1415 Crt   7 4287  95272
1416 Crt   8 4302  95698
1417 Crt   9 4314  96202
1418 Crt  10 4334  96819
1419 Crt  11 4343  97277
1420 Crt  12 4382  98430
1421 Crt  13 4395  98991
1422 Crt  14 4402  99167
1423 Crt  15 4405  99211
1424 Crt  16 4416  99564
1425 Crt  17 4443 100286
             4444 100287
1426 Crt  18 4449 100393
1427 Crt  19 4450 100407
1428 Crt  20 4458 100623
1429 Crt  21 4468 100889
1430 Crt  22 4469 100893
1431 Crt  23 4473 100953
1432 Crt  24 4488 101198
1433 Crt  25 4494 101431
1434 Crt  26 4503 101666
1435 Crt  27 4514 102070
1436 Crt  28 4552 103192
1437 Crt  29 4565 103596
1438 Crt  30 4567 103632
1439 Crt  31 4590 104337
1440 Crv   1 4623 105452
1441 Crv   2 4630 105707
1442 Crv   3 4635 105850
1443 Crv   4 4662 106625
1444 Crv   5 4696 107348
1445 Crv   6 4711 107815
1446 Crv   7 4757 108767
1447 Crv   8 4775 109085
1448 Crv   9 4786 109379
1449 Hya  45 4958 114149
1450 Hya  46 5020 115659
1451 Hya  47 5250 121847
1452 Hya  48 5257 122066
1453 Hya  49 5287 123123
1454 Hya  50 5312 124206
1455 Hya  51 5381 125932
1456 Hya  52 5407 126769
1457 Hya  53 5484 129433
1458 Hya  54 5497 129926
1459 Hya  55 5514 130158
1460 Hya  56 5516 130259
1461 Hya  57 5517 130274
1462 Hya  58 5526 130694
1463 Hya  59 5577 132219
1464 Hya  60 5591 132851
1465 Sex   1 3827  83240
1466 Sex   2 3834  83425
1467 Sex   3       84882
1468 Sex   4 3893  85217
1469 Sex   5       85294
1470 Sex   6 3899  85364
1471 Sex   7 3906  85504
1472 Sex   8 3909  85558
1473 Sex   9       85762
1474 Sex  10 3926  86080
1475 Sex  11 3938  86369
1476 Sex  12 3945  86611
1477 Sex  13 3961  87301
1478 Sex  14 3973  87682
1479 Sex  15 3981  87887
1480 Sex  16       88048
1481 Sex  17 3989  88195
1482 Sex  18 3996  88333
1483 Sex  19 4004  88547
1484 Sex  20       88697
1485 Sex  21       88764
1486 Sex  22 4042  89254
1487 Sex  23 4064  89688
1488 Sex  24       90043
1489 Sex  25 4082  90044
1490 Sex  26       90473
1491 Sex  27       90485
1492 Sex  28*
1493 Sex  29 4116  90882
1494 Sex  30 4119  90994
1495 Sex  31       91011
1496 Sex  32       91256
1497 Sex  33 4182  92588
1498 Sex  34       92749
1499 Sex  35 4193  92841
1500 Sex  36 4201  93102
1501 Sex  37 4207  93244
1502 Sex  38       93431
1503 Sex  39       93704
1504 Sex  40 4229  93742
1505 Sex  41 4237  93903
1506 Cen   1 5168 119756
1507 Cen   2 5192 120323
1508 Cen   3 5210 120709
             5211 120710
1509 Cen   4 5221 120955
1510 Cen   5 5288 123139
1511 Lup   1 5660 135153
1512 Lup   2 5686 135758
1513 Lup   3 5820 139521
1514 Lup   4 5839 140008
1515 Lup   5 5883 141556
1516 PsA   1 8039 199951
1517 PsA   2 8076 200763
1518 PsA   3 8110 201901
1519 PsA   4 8135 202627
1520 PsA   5 8214 204394
1521 PsA   6 8230 204854
1522 PsA   7 8256 205529
1523 PsA   8 8253 205471
1524 PsA   9 8305 206742
1525 PsA  10 8326 207155
1526 PsA  11      208851
1527 PsA  12 8386 209014
1528 PsA  13 8405 209476
1529 PsA  14 8431 210049
1530 PsA  15 8447 210302
1531 PsA  16 8478 210934
1532 PsA  17 8576 213398
1533 PsA  18 8628 214748
1534 PsA  19 8637 214966
1535 PsA  20      215452
1536 PsA  21 8693 216210
1537 PsA  22 8695 216336
1538 PsA  23 8720 216763
1539 PsA  24 8728 216956
1540 Cas   1 8797 218376
1541 Cas   2 8822 218753
1542 Cas   3*
1543 Cas   4 8904 220652
1544 Cas   5 9008 223165
1545 Cas   6 9018 223385
1546 Cas   7 9045 224014
1547 Cas   8 9071 224572
1548 Cas   9 9100 225180
1549 Cas  10    7    144
1550 Cas  11   21    432
1551 Cas  12   93   2011
1552 Cas  13  121   2729
1553 Cas  14  123   2772
1554 Cas  15  130   2905
1555 Cas  16  137   3038
1556 Cas  17  153   3360
1557 Cas  18  168   3712
1558 Cas  19  179   3901
1559 Cas  20  184   4058
1560 Cas  21  192   4161
1561 Cas  22  193   4180
1562 Cas  23  208   4382
1563 Cas  24  219   4614
1564 Cas  25  223   4636
1565 Cas  26  253   5234
1566 Cas  27  264   5394
1567 Cas  28  265   5395
1568 Cas  29*
1569 Cas  30  321   6582
1570 Cas  31  336   6829
1571 Cas  32  345   6972
1572 Cas  33  343   6961
1573 Cas  34  382   7927
1574 Cas  35  384   8003
1575 Cas  36  399   8491
1576 Cas  37  403   8538
1577 Cas  38  427   9021
1578 Cas  39  442   9408
1579 Cas  40  456   9774
1580 Cas  41*
1581 Cas  42  480  10250
1582 Cas  43  478  10221
1583 Cas  44  491  10425
1584 Cas  45  542  11415
1585 Cas  46  548  11529
1586 Cas  47  581  12230
1587 Cas  48  575  12111
1588 Cas  49  592  12339
1589 Cas  50  580  12216
1590 Cas  51       12441
1591 Cas  52  586  12279
1592 Cas  53  589  12301
1593 Cas  54       12800
1594 Cas  55  640  13474
1595 And   1 8762 217675
1596 And   2 8766 217782
1597 And   3 8780 218031
1598 And   4 8804 218452
1599 And   5 8805 218470
1600 And   6 8825 218804
1601 And   7 8830 219080
1602 And   8 8860 219734
1603 And   9 8864 219815
1604 And  10 8876 219981
1605 And  11 8874 219945
1606 And  12 8885 220117
1607 And  13 8913 220885
1608 And  14 8930 221345
1609 And  15 8947 221756
1610 And  16 8961 222107
1611 And  17 8965 222173
1612 And  18 8967 222304
1613 And  19 8976 222439
1614 And  20 9003 223047
1615 And  21   15    358
1616 And  22   27    571
1617 And  23   41    905
1618 And  24   63   1280
1619 And  25   68   1404
1620 And  26   70   1438
1621 And  27   82   1671
1622 And  28  114   2628
1623 And  29  154   3369
1624 And  30  163   3546
1625 And  31  165   3627
1626 And  32  175   3817
1627 And  33             M 31
1628 And  34  215   4502
1629 And  35  226   4727
1630 And  36  258   5286
1631 And  37  269   5448
1632 And  38  271   5516
1633 And  39  290   6116
1634 And  40  291   6118
1635 And  41  324   6658
1636 And  42  335   6811
1637 And  43  337   6860
1638 And  44  340   6920
1639 And  45  348   7019
1640 And  46  390   8207
1641 And  47  395   8374
1642 And  48  417   8799
1643 And  49  430   9057
1644 And  50  458   9826
1645 And  51  464   9927
1646 And  52  469  10072
1647 And  53  477  10205
1648 And  54  496  10516
1649 And  55  543  11428
1650 And  56  557  11749
1651 And  57  603  12533
              604  12534
1652 And  58  620  13041
1653 And  59  628  13294
              629  13295
1654 And  60  643  13520
1655 And  61*
1656 And  62  670  14212
1657 And  63  682  14392
1658 And  64  694  14770
1659 And  65  699  14872
1660 And  66  709  15138
1661 Tri   1       10407
1662 Tri   2  544  11443
1663 Tri   3  599  12471
1664 Tri   4  622  13161
1665 Tri   5  634  13372
1666 Tri   6  642  13480
1667 Tri   7  655  13869
1668 Tri   8  660  13974
1669 Tri   9  664  14055
1670 Tri  10  675  14252
1671 Tri  11  712  15176
1672 Tri  12  717  15257
1673 Tri  13  720  15335
1674 Tri  14  736  15656
1675 Tri  15  750  16058
1676 Tri  16  830  17471
1677 Per   1  533  11241
1678 Per   2  536  11291
1679 Per   3  568  11949
1680 Per   4  590  12303
1681 Per   5  627  13267
1682 Per   6  645  13530
1683 Per   7  662  13994
1684 Per   8  661  13982
1685 Per   9  685  14489
1686 Per  10  696  14818
1687 Per  11  785  16727
1688 Per  12  788  16739
1689 Per  13  799  16895
1690 Per  14  800  16901
1691 Per  15  834  17506
1692 Per  16  840  17584
1693 Per  17  843  17709
1694 Per  18  854  17878
1695 Per  19*
1696 Per  20  855  17904
1697 Per  21  873  18296
1698 Per  22  879  18411
1699 Per  23  915  18925
1700 Per  24  882  18449
1701 Per  25  921  19058
1702 Per  26  936  19356
1703 Per  27  941  19476
1704 Per  28  947  19656
1705 Per  29  987  20365
1706 Per  30  982  20315
1707 Per  31  989  20418
1708 Per  32 1002  20677
1709 Per  33 1017  20902
1710 Per  34 1044  21428
1711 Per  35 1052  21552
1712 Per  36 1069  21770
1713 Per  37 1087  22192
1714 Per  38 1131  23180
1715 Per  39 1122  22928
1716 Per  40 1123  22951
1717 Per  41 1135  23230
1718 Per  42 1177  23848
1719 Per  43 1210  24546
1720 Per  44 1203  24398
1721 Per  45 1220  24760
1722 Per  46 1228  24912
1723 Per  47 1261  25642
1724 Per  48 1273  25940
1725 Per  49 1277  25975
1726 Per  50 1278  25998
1727 Per  51 1303  26630
1728 Per  52 1306  26673
1729 Per  53 1350  27396
1730 Per  54 1343  27348
1731 Per  55 1377  27777
1732 Per  56 1379  27786
1733 Per  57 1434  28704
1734 Per  58 1454  29094
1735 Per  59 1494  29722
1736 Cam   1 1417  28446
1737 Cam   2 1466  29316
1738 Cam   3 1467  29317
1739 Cam   4 1511  30121
1740 Cam   5 1555  30958
1741 Cam   6       31189
1742 Cam   7 1568  31278
1743 Cam   8 1588  31579
1744 Cam   9 1542  30614
1745 Cam  10 1603  31910
1746 Cam  11 1622  32343
1747 Cam  12 1623  32357
1748 Cam  13*
1749 Cam  14 1678  33296
1750 Cam  15 1719  34233
1751 Cam  16 1751  34787
1752 Cam  17 1802  35583
1753 Cam  18 1828  36066
1754 Cam  19 1857  36570
1755 Cam  20       36770
1756 Cam  21       37136
1757 Cam  22       37070
1758 Cam  23 1943  37638
1759 Cam  24 1941  37601
1760 Cam  25       37735
1761 Cam  26 1969  38091
1762 Cam  27*
1763 Cam  28       38129
1764 Cam  29 1992  38618
1765 Cam  30 2006  38831
1766 Cam  31 2027  39220
1767 Cam  32 2029  39283
1768 Cam  33       39724
1769 Cam  34 2079  40062
1770 Cam  35 2123  40873
1771 Cam  36 2165  41927
1772 Cam  37 2152  41597
1773 Cam  38       41783
1774 Cam  39       41782
1775 Cam  40 2201  42633
1776 Cam  41       47005
1777 Cam  42 2490  48879
1778 Cam  43 2511  49340
1779 Cam  44       55944
1780 Cam  45       56099
1781 Cam  46       56243
1782 Cam  47 2772  56820
1783 Cam  48       60844
1784 Cam  49 2977  62140
1785 Cam  50 2969  61931
1786 Cam  51 2975  62066
1787 Cam  52 3077  64347
1788 Cam  53 3109  65339
1789 Cam  54 3119  65626
1790 Cam  55 3182  67447
1791 Cam  56 3221  68457
1792 Cam  57 3245  69148
1793 Cam  58 3254  69548
1794 Aur   1 1533  30504
1795 Aur   2 1551  30834
1796 Aur   3 1577  31398
1797 Aur   4 1592  31647
1798 Aur   5 1599  31761
1799 Aur   6 1602  31780
1800 Aur   7 1605  31964
1801 Aur   8 1612  32068
1802 Aur   9 1637  32537
1803 Aur  10 1641  32630
1804 Aur  11 1689  33641
1805 Aur  12       33988
1806 Aur  13 1708  34029
1807 Aur  14 1706  33959
1808 Aur  15 1729  34411
1809 Aur  16 1726  34334
1810 Aur  17 1728  34364
1811 Aur  18 1734  34499
1812 Aur  19 1740  34578
1813 Aur  20 1749  34759
1814 Aur  21 1773  35186
1815 Aur  22 1768  35076
1816 Aur  23 1791  35497
1817 Aur  24 1805  35620
1818 Aur  25 1843  36371
1819 Aur  26 1914  37269
1820 Aur  27 1971  38104
1821 Aur  28       38604
1822 Aur  29 1995  38656
1823 Aur  30 2029  39283
1824 Aur  31 2011  38944
1825 Aur  32 2012  39003
1826 Aur  33 2077  40035
1827 Aur  34 2088  40183
1828 Aur  35 2091  40239
1829 Aur  36 2101  40394
1830 Aur  37 2095  40312
1831 Aur  38 2119  40801
1832 Aur  39 2132  41074
1833 Aur  40 2143  41357
1834 Aur  41 2175  42126
             2176  42127
1835 Aur  42 2228  43244
1836 Aur  43 2239  43380
1837 Aur  44 2219  43039
1838 Aur  45 2264  43905
1839 Aur  46 2289  44537
1840 Aur  47 2338  45466
1841 Aur  48 2332  45412
1842 Aur  49 2398  46553
1843 Aur  50 2427  47174
1844 Aur  51 2419  47070
1845 Aur  52 2420  47100
1846 Aur  53 2425  47152
1847 Aur  54 2438  47395
1848 Aur  55 2459  47914
1849 Aur  56 2483  48682
1850 Aur  57 2487  48781
1851 Aur  58 2516  49520
1852 Aur  59 2539  50018
1853 Aur  60 2541  50037
1854 Aur  61 2547  50204
1855 Aur  62 2600  51440
1856 Aur  63 2696  54716
1857 Aur  64 2753  56221
1858 Aur  65 2793  57264
1859 Aur  66 2805  57669
1860 Lyn   1 2215  42973
1861 Lyn   2 2238  43378
1862 Lyn   3       43749
1863 Lyn   4 2257  43812
1864 Lyn   5 2293  44708
1865 Lyn   6 2331  45410
1866 Lyn   7 2376  46101
1867 Lyn   8 2394  46480
1868 Lyn   9       46318
1869 Lyn  10       46635
1870 Lyn  11 2402  46590
1871 Lyn  12 2470  48250
1872 Lyn  13 2477  48432
1873 Lyn  14 2520  49618
1874 Lyn  15 2560  50522
1875 Lyn  16 2585  50973
1876 Lyn  17       53633
1877 Lyn  18 2715  55280
1878 Lyn  19 2783  57102
             2784  57103
1879 Lyn  20       57066
1880 Lyn  21 2818  58142
1881 Lyn  22 2849  58855
1882 Lyn  23 2929  61106
1883 Lyn  24 2946  61497
1884 Lyn  25 3065  64106
1885 Lyn  26 3066  64144
1886 Lyn  27 3173  67006
1887 Lyn  28 3167  66824
1888 Lyn  29 3235  68930
1889 Lyn  30 3254  69548
1890 Lyn  31 3275  70272
1891 Lyn  32 3365  72291
1892 Lyn  33 3377  72524
1893 Lyn  34 3422  73593
1894 Lyn    *
1895 Lyn  35 3508  75506
1896 Lyn  36 3652  79158
1897 Lyn  37 3697  80290
1898 Lyn  38 3690  80081
1899 Lyn  39       80608
1900 Lyn  40 3705  80493
1901 Lyn  41 3743  81688
1902 Lyn  42 3829  83287
1903 Lyn  43 3851  83805
1904 Lyn  44 3870  84335
1905 LMi   1 3409  73192
1906 LMi   2       73427
1907 LMi   3       73508
1908 LMi   4 3423  73596
1909 LMi   5 3499  75332
1910 LMi   6 3723  80956
1911 LMi   7 3764  82087
1912 LMi   8 3769  82198
1913 LMi   9 3791  82522
1914 LMi  10 3800  82635
1915 LMi  11 3815  82885
1916 LMi  12*
1917 LMi  13 3857  83951
1918 LMi  14       84453
1919 LMi  15 3881  84737
1920 LMi  16       85029
1921 LMi  17       85373
1922 LMi  18       86012
1923 LMi  19 3928  86146
1924 LMi  20 3951  86728
1925 LMi  21 3974  87696
1926 LMi  22 4014  88786
1927 LMi  23 4024  88960
1928 LMi  24 4027  88986
1929 LMi  25       89572
1930 LMi  26       89892
1931 LMi  27 4075  89904
1932 LMi  28 4081  90040
1933 LMi  29       90250
1934 LMi  30 4090  90277
1935 LMi  31 4100  90537
1936 LMi  32 4113  90840
1937 LMi  33 4124  91130
1938 LMi  34 4137  91365
1939 LMi  35 4150  91752
1940 LMi  36       92000
1941 LMi  37 4166  92125
1942 LMi  38 4168  92168
1943 LMi  39       92371
1944 LMi  40 4189  92769
1945 LMi  41 4192  92825
1946 LMi  42 4203  93152
1947 LMi  43 4223  93636
1948 LMi  44 4230  93765
1949 LMi  45       94218
1950 LMi  46 4247  94264
1951 LMi  47 4256  94497
1952 LMi  48 4254  94480
1953 LMi  49       94671
1954 LMi  50 4270  94747
1955 LMi  51       96094
1956 LMi  52       96418
1957 LMi  53 4332  96738
1958 UMa   1 3323  71369
1959 UMa   2 3354  72037
1960 UMa   3 3391  72905
1961 UMa   4 3403  73108
1962 UMa   5 3505  75486
1963 UMa   6 3531  75958
1964 UMa   7*
1965 UMa   8 3576  76827
1966 UMa   9 3569  76644
1967 UMa  10 3579  76943
1968 UMa  11 3609  77800
1969 UMa  12 3594  77327
1970 UMa  13 3616  78154
1971 UMa  14 3624  78362
1972 UMa  15 3619  78209
1973 UMa  16 3648  79028
1974 UMa  17 3660  79354
1975 UMa  18 3662  79439
1976 UMa  19 3664  79452
1977 UMa  20       80130
1978 UMa  21       81104
1979 UMa  22 3768  82189
1980 UMa  23 3757  81937
1981 UMa  24 3771  82210
1982 UMa  25 3775  82328
1983 UMa  26 3799  82621
1984 UMa  27 3839  83506
1985 UMa  28 3865  84179
1986 UMa  29 3888  84999
1987 UMa  30 3894  85235
1988 UMa  31 3917  85795
1989 UMa  32 4026  88983
1990 UMa  33 4033  89021
1991 UMa  34 4069  89758
1992 UMa  35 4106  90633
1993 UMa  36 4112  90839
1994 UMa  37 4141  91480
1995 UMa  38 4178  92424
1996 UMa  39 4187  92728
1997 UMa  40       93075
1998 UMa  41 4202  93132
1999 UMa  42 4236  93875
2000 UMa  43 4235  93859
2001 UMa  44 4246  94247
2002 UMa  45 4248  94334
2003 UMa  46 4258  94600
2004 UMa  47 4277  95128
2005 UMa  48 4295  95418
2006 UMa  49 4288  95310
2007 UMa  50 4301  95689
2008 UMa  51 4309  95934
2009 UMa  52 4335  96833
2010 UMa  53 4374  98230
             4375  98231
2011 UMa  54 4377  98262
2012 UMa  55 4380  98353
2013 UMa  56 4392  98839
2014 UMa  57 4422  99787
2015 UMa  58 4431  99984
2016 UMa  59 4477 101107
2017 UMa  60 4480 101133
2018 UMa  61 4496 101501
2019 UMa  62 4501 101606
2020 UMa  63 4518 102224
2021 UMa  64 4554 103287
2022 UMa  65 4560 103483
             4561 103498
2023 UMa  66 4566 103605
2024 UMa  67 4594 104513
2025 UMa  68 4641 106002
2026 UMa  69 4660 106591
2027 UMa  70 4701 107465
2028 UMa  71 4726 108135
2029 UMa  72      108346
2030 UMa  73 4745 108502
2031 UMa  74 4760 108844
2032 UMa  75 4762 108861
2033 UMa  76 4833 110462
2034 UMa  77 4905 112185
2035 UMa  78 4931 113139
2036 UMa  79 5054 116656
             5055 116657
2037 UMa  80 5062 116842
2038 UMa  81 5109 118214
2039 UMa  82 5142 119024
2040 UMa  83 5154 119228
2041 UMa  84 5187 120198
2042 UMa  85 5191 120315
2043 UMa  86 5238 121409
2044 UMa  87 5226 121130
2045 Dra   1 4434 100029
2046 Dra   2 4461 100696
2047 Dra   3 4504 101673
2048 Dra   4 4765 108907
2049 Dra   5 4787 109387
2050 Dra   6 4795 109551
2051 Dra   7 4863 111335
2052 Dra   8 4916 112429
2053 Dra   9 4928 113092
2054 Dra  10 5226 121130
2055 Dra  11 5291 123299
2056 Dra  12 5744 137759
2057 Dra  13 5986 144284
2058 Dra  14 6132 148387
2059 Dra  15 6161 149212
2060 Dra  16 6184 150100
2061 Dra  17 6185 150117
             6186 150118
2062 Dra  18 6223 151101
2063 Dra  19 6315 153597
2064 Dra  20 6319 153697
2065 Dra  21 6369 154905
             6370 154906
2066 Dra  22 6396 155763
2067 Dra  23 6536 159181
2068 Dra  24 6554 159541
2069 Dra  25 6555 159560
2070 Dra  26 6573 160269
2071 Dra  27 6566 159966
2072 Dra  28 6596 160922
2073 Dra  29      160538
2074 Dra  30 6656 162579
2075 Dra  31 6636 162003
             6637 162004
2076 Dra  32 6688 163588
2077 Dra  33 6705 164058
2078 Dra  34 6725 164613
2079 Dra  35 6701 163989
2080 Dra  36 6850 168151
2081 Dra  37 6865 168653
2082 Dra  38      169027
2083 Dra  39 6923 170073
2084 Dra  40 6809 166865
2085 Dra  41 6810 166866
2086 Dra  42 6945 170693
2087 Dra  43 6920 170000
2088 Dra  44 6927 170153
2089 Dra  45 6978 171635
2090 Dra  46 7049 173524
2091 Dra  47 7125 175306
2092 Dra  48 7175 176408
2093 Dra  49 7218 177249
2094 Dra  50 7124 175286
2095 Dra  51 7251 178207
2096 Dra  52 7180 176524
2097 Dra  53 7295 180006
2098 Dra  54 7309 180610
2099 Dra  55 7290 179933
2100 Dra  56*
2101 Dra  57 7310 180711
2102 Dra  58 7371 182564
2103 Dra  59 7312 180777
2104 Dra  60 7352 181984
2105 Dra  61 7462 185144
2106 Dra  62*
2107 Dra  63 7582 188119
2108 Dra  64 7676 190544
2109 Dra  65 7682 190713
2110 Dra  66 7701 191277
2111 Dra  67 7685 190940
2112 Dra  68 7727 192455
2113 Dra  69 7686 190960
2114 Dra  70*
2115 Dra  71 7792 193964
2116 Dra  72      194666
2117 Dra  73 7879 196502
2118 Dra  74 7908 196925
2119 Dra  75 7901 196787
2120 Dra  76 8002 199095
2121 Dra  77 8112 201908
2122 Dra  78 8324 207130
2123 Dra  79      208509
2124 Dra  80 8473 210873
2125 Com   1      104452
2126 Com   2 4602 104827
2127 Com   3 4632 105778
2128 Com   4 4640 105981
2129 Com   5 4643 106057
2130 Com   6 4663 106661
2131 Com   7 4667 106714
2132 Com   8 4685 107168
2133 Com   9 4688 107213
2134 Com  10      107276
2135 Com  11 4697 107383
2136 Com  12 4707 107700
2137 Com  13 4717 107966
2138 Com  14 4733 108283
2139 Com  15 4737 108381
2140 Com  16 4738 108382
2141 Com  17 4752 108662
2142 Com  18 4753 108722
2143 Com  19*
2144 Com  20 4756 108765
2145 Com  21 4766 108945
2146 Com  22 4780 109307
2147 Com  23 4789 109485
2148 Com  24 4791 109510
             4792 109511
2149 Com  25 4801 109742
2150 Com  26 4815 110024
2151 Com  27 4851 111067
2152 Com  28 4861 111308
2153 Com  29 4865 111397
2154 Com  30 4869 111469
2155 Com  31 4883 111812
2156 Com  32 4884 111862
2157 Com  33      111892
2158 Com  34*
2159 Com  35 4894 112033
2160 Com  36 4920 112769
2161 Com  37 4924 112989
2162 Com  38 4929 113095
2163 Com  39 4946 113848
2164 Com  40 4949 113866
2165 Com  41 4954 113996
2166 Com  42 4968 114378
             4969 114379
2167 Com  43 4983 114710
2168 CVn   1 4654 106478
2169 CVn   2 4666 106690
2170 CVn   3 4690 107274
2171 CVn   4 4715 107904
2172 CVn   5 4716 107950
2173 CVn   6 4728 108225
2174 CVn   7 4761 108845
2175 CVn   8 4785 109358
2176 CVn   9 4811 109980
2177 CVn  10 4845 110897
2178 CVn  11 4866 111421
2179 CVn  12 4914 112412
             4915 112413
2180 CVn  13 4924 112989
2181 CVn  14 4943 113797
2182 CVn  15 4967 114376
2183 CVn  16      114427
2184 CVn  17 4971 114447
2185 CVn  18      114674
2186 CVn  19 5004 115271
2187 CVn  20 5017 115604
2188 CVn  21 5023 115735
2189 CVn  22*
2190 CVn  23 5032 116010
2191 CVn  24 5112 118232
2192 CVn  25 5127 118623
2193 Boo   1 5144 119055
2194 Boo   2 5149 119126
2195 Boo   3 5182 120064
2196 Boo   4 5185 120136
2197 Boo   5 5200 120477
2198 Boo   6 5201 120539
2199 Boo   7 5225 121107
2200 Boo   8 5235 121370
2201 Boo   9 5247 121710
2202 Boo  10 5255 121996
2203 Boo  11 5263 122405
2204 Boo  12 5304 123999
2205 Boo  13 5300 123782
2206 Boo  14 5323 124570
2207 Boo  15 5330 124679
2208 Boo  16 5340 124897
2209 Boo  17 5328 124674
             5329 124675
2210 Boo  18 5365 125451
2211 Boo  19 5351 125162
2212 Boo  20 5370 125560
2213 Boo  21 5350 125161
2214 Boo  22 5405 126661
2215 Boo  23 5404 126660
2216 Boo  24 5420 127243
2217 Boo  25 5429 127665
2218 Boo  26 5434 127739
2219 Boo  27 5435 127762
2220 Boo  28 5447 128167
2221 Boo  29 5475 129174
             5476 129175
2222 Boo  30 5477 129246
             5478 129247
2223 Boo  31 5480 129312
2224 Boo  32 5481 129336
2225 Boo  33 5468 129002
2226 Boo  34 5490 129712
2227 Boo  35 5502 129972
2228 Boo  36 5505 129988
             5506 129989
2229 Boo  37 5544 131156
2230 Boo  38 5533 130945
2231 Boo  39 5538 131041
2232 Boo  40 5588 132772
2233 Boo  41 5600 133124
2234 Boo  42 5602 133208
2235 Boo  43 5616 133582
2236 Boo  44 5618 133640
2237 Boo  45 5634 134083
2238 Boo  46 5638 134320
2239 Boo  47 5627 133962
2240 Boo  48 5676 135502
2241 Boo  49 5681 135722
2242 Boo  50 5718 136849
2243 Boo  51 5733 137391
             5734 137392
2244 Boo  52 5763 138481
2245 Boo  53 5774 138629
2246 Boo  54 5823 139641
2247 CrB   1 5709 136512
2248 CrB   2 5727 137107
             5728 137108
2249 CrB   3 5747 137909
2250 CrB   4 5778 138749
2251 CrB   5 5793 139006
2252 CrB   6 5800 139153
2253 CrB   7 5833 139891
             5834 139892
2254 CrB   8 5849 140436
2255 CrB   9 5855 140716
2256 CrB  10 5889 141714
2257 CrB  11 5901 142091
2258 CrB  12 5936 142908
2259 CrB  13 5947 143107
2260 CrB  14 5971 143807
2261 CrB  15 5968 143761
2262 CrB  16 6018 145328
2263 CrB  17 6063 146361
             6064 146362
2264 CrB  18 6074 146738
2265 CrB  19 6103 147677
2266 CrB  20 6107 147749
2267 CrB  21 6108 147767
2268 UMi   1  424   8890
2269 UMi   2  285   5848
2270 UMi   3 5305 124063
2271 UMi   4 5321 124547
2272 UMi   5 5430 127700
2273 UMi   6      130834
2274 UMi   7 5563 131873
2275 UMi   8      133086
2276 UMi   9      133621
2277 UMi  10      134584
2278 UMi  11 5714 136726
2279 UMi  12      136727
2280 UMi  13 5735 137422
2281 UMi  14      137686
2282 UMi  15 5826 139669
2283 UMi  16 5903 142105
2284 UMi  17      143803
2285 UMi  18      141652
2286 UMi  19 6079 146926
2287 UMi  20 6082 147142
2288 UMi  21 6116 148048
2289 UMi  22 6322 153751
2290 UMi  23 6789 166205
2291 UMi  24 6811 166926
2292 Her   1 5914 142373
2293 Her   2 5932 142780
2294 Her   3 5963 143553
2295 Her   4 5938 142926
2296 Her   5 5966 143666
2297 Her   6 5982 144206
2298 Her   7 6008 145001
             6009 145000
2299 Her   8 6013 145122
2300 Her   9 6047 145892
2301 Her  10 6039 145713
2302 Her  11 6023 145389
2303 Her  12      146169
2304 Her  13      146279
2305 Her  14      145675
2306 Her  15      146452
2307 Her  16 6065 146388
2308 Her  17      146604
2309 Her  18      146915
2310 Her  19      147025
2311 Her  20 6095 147547
2312 Her  21 6111 147869
2313 Her  22 6092 147394
2314 Her  23 6110 147835
2315 Her  24 6117 148112
2316 Her  25 6123 148283
2317 Her  26      148616
2318 Her  27 6148 148856
2319 Her  28 6158 149121
2320 Her  29 6159 149161
2321 Her  30 6146 148783
2322 Her  31      149141
2323 Her  32      149420
2324 Her  33      149805
2325 Her  34 6156 149081
2326 Her  35 6168 149630
2327 Her  36 6194 150379
2328 Her  37 6195 150378
2329 Her  38      150525
2330 Her  39 6213 150682
2331 Her  40 6212 150680
2332 Her  41      151090
2333 Her  42 6200 150450
2334 Her  43 6228 151217
2335 Her  44 6220 150997
2336 Her  45 6234 151525
2337 Her  46      151237
2338 Her  47 6250 151956
2339 Her  48      151937
2340 Her  49 6268 152308
2341 Her  50 6258 152173
2342 Her  51 6270 152326
2343 Her  52 6254 152107
2344 Her  53 6279 152598
2345 Her  54 6293 152879
2346 Her  55*
2347 Her  56 6292 152863
2348 Her  57 6305 153287
2349 Her  58 6324 153808
2350 Her  59 6332 154029
2351 Her  60 6355 154494
2352 Her  61 6346 154356
2353 Her  62      155104
2354 Her  63 6391 155514
2355 Her  64 6406 156014
             6407 156015
2356 Her  65 6410 156164
2357 Her  66 6433 156681
2358 Her  67 6418 156283
2359 Her  68 6431 156633
2360 Her  69 6436 156729
2361 Her  70 6457 157198
2362 Her  71*
2363 Her  72 6458 157214
2364 Her  73 6480 157728
2365 Her  74 6464 157325
2366 Her  75 6484 157778
             6485 157779
2367 Her  76 6526 158899
2368 Her  77 6509 158414
2369 Her  78 6533 159139
2370 Her  79 6571 160181
2371 Her  80*
2372 Her  81*
2373 Her  82 6574 160290
2374 Her  83 6602 161074
2375 Her  84 6608 161239
2376 Her  85 6588 160762
2377 Her  86 6623 161797
2378 Her  87 6644 162211
2379 Her  88 6664 162732
2380 Her  89 6685 163506
2381 Her  90 6677 163217
2382 Her  91 6695 163770
2383 Her  92 6703 163993
2384 Her  93 6713 164349
2385 Her  94 6707 164136
2386 Her  95 6729 164668
             6730 164669
2387 Her  96 6738 164852
2388 Her  97 6741 164900
2389 Her  98 6765 165625
2390 Her  99 6775 165908
2391 Her 100 6781 166045
             6782 166046
2392 Her 101 6794 166230
2393 Her 102 6787 166182
2394 Her 103 6779 166014
2395 Her 104 6815 167006
2396 Her 105 6860 168532
2397 Her 106 6868 168720
2398 Her 107 6877 168914
2399 Her 108 6876 168913
2400 Her 109 6895 169414
2401 Her 110 7061 173667
2402 Her 111 7069 173880
2403 Her 112 7113 174933
2404 Her 113 7133 175492
2405 Ser   1 5573 132132
2406 Ser   2 5594 132933
2407 Ser   3 5675 135482
2408 Ser   4 5679 135559
2409 Ser   5 5694 136202
2410 Ser   6 5710 136514
2411 Ser   7 5717 136831
2412 Ser   8 5721 137006
2413 Ser   9 5739 137471
2414 Ser  10 5746 137898
2415 Ser  11 5772 138562
2416 Ser  12 5770 138527
2417 Ser  13 5788 138917
             5789 138918
2418 Ser  14 5799 139137
2419 Ser  15 5795 139074
2420 Ser  16 5802 139195
2421 Ser  17      139216
2422 Ser  18 5804 139225
2423 Ser  19 5840 140027
2424 Ser  20 5843 140160
2425 Ser  21 5842 140159
2426 Ser  22 5845 140232
2427 Ser  23 5853 140538
2428 Ser  24 5854 140573
2429 Ser  25 5863 140873
2430 Ser  26 5858 140729
2431 Ser  27 5868 141004
2432 Ser  28 5867 141003
2433 Ser  29      141040
2434 Ser  30 5875 141378
2435 Ser  31 5870 141187
2436 Ser  32 5881 141513
2437 Ser  33*
2438 Ser  34 5888 141680
2439 Ser  35 5879 141477
2440 Ser  36 5895 141851
2441 Ser  37 5892 141795
2442 Ser  38 5899 141992
2443 Ser  39 5911 142267
2444 Ser  40 5919 142500
2445 Ser  41 5933 142860
2446 Ser  42*
2447 Ser  43 5976 144046
2448 Ser  44 5972 143894
2449 Ser  45 6004 144874
2450 Ser  46      144937
2451 Ser  47 6010 145002
2452 Ser  48 6035 145647
2453 Ser  49      145958
2454 Ser  50 6093 147449
2455 Ser  51 6117 148112
2456 Ser  52*
2457 Ser  53 6446 156928
2458 Ser  54*
2459 Ser  55 6561 159876
2460 Ser  56 6581 160613
2461 Ser  57 6710 164259
2462 Ser  58 6869 168723
2463 Ser  59 6918 169985
2464 Ser  60 6935 170474
2465 Ser  61 6957 170920
2466 Ser  62 7135 175515
2467 Ser  63 7141 175638
             7142 175639
2468 Ser  64 7158 175869
2469 Oph   1 6056 146051
2470 Oph   2 6075 146791
2471 Oph   3 6129 148367
2472 Oph   4 6104 147700
2473 Oph   5 6112 147933
             6113 147934
2474 Oph   6*
2475 Oph   7 6118 148184
2476 Oph   8 6147 148786
2477 Oph   9 6153 148898
2478 Oph  10 6149 148857
2479 Oph  11 6158 149121
2480 Oph  12 6171 149661
2481 Oph  13 6175 149757
2482 Oph  14 6205 150557
2483 Oph  15      150937
2484 Oph  16 6224 151133
2485 Oph  17 6228 151217
2486 Oph  18      151659
2487 Oph  19 6232 151431
2488 Oph  20 6243 151769
2489 Oph  21 6255 152127
2490 Oph  22      152534
2491 Oph  23 6280 152601
2492 Oph  24 6291 152849
2493 Oph  25 6281 152614
2494 Oph  26 6310 153363
2495 Oph  27 6299 153210
2496 Oph  28      154021
2497 Oph  29 6321 153727
2498 Oph  30 6318 153687
2499 Oph  31      154132
2500 Oph  32 6337 154143
2501 Oph  33 6341 154228
2502 Oph  34 6342 154278
2503 Oph  35 6378 155125
2504 Oph  36 6401 155885
             6402 155886
2505 Oph  37 6393 155644
2506 Oph  38      156252
2507 Oph  39 6424 156349
             6425 156350
2508 Oph  40 6445 156897
2509 Oph  41 6415 156266
2510 Oph  42 6453 157056
2511 Oph  43 6459 157236
2512 Oph  44 6486 157792
2513 Oph  45 6492 157919
2514 Oph  46*
2515 Oph  47 6496 157968
2516 Oph  48*
2517 Oph  49 6498 157999
2518 Oph  50      158527
2519 Oph  51 6519 158643
2520 Oph  52 6545 159376
2521 Oph  53 6548 159480
2522 Oph  54      159466
2523 Oph  55 6556 159561
2524 Oph  56      159610
2525 Oph  57 6567 159975
2526 Oph  58 6595 160915
2527 Oph  59*
2528 Oph  60 6603 161096
2529 Oph  61 6609 161270
2530 Oph  62 6629 161868
2531 Oph  63 6672 162978
2532 Oph  64 6698 163917
2533 Oph  65*
2534 Oph  66 6712 164284
2535 Oph  67 6714 164353
2536 Oph  68 6723 164577
2537 Oph  69 6733 164764
             6734 164765
2538 Oph  70 6752 165341
2539 Oph  71 6770 165760
2540 Oph  72 6771 165777
2541 Oph  73 6795 166233
2542 Oph  74 6866 168656
2543 Lyr   1 6872 168775
2544 Lyr   2 6903 169702
2545 Lyr   3 7001 172167
2546 Lyr   4 7051 173582
             7052 173583
2547 Lyr   5 7053 173607
             7054 173608
2548 Lyr   6 7056 173648
2549 Lyr   7 7057 173649
2550 Lyr   8 7100 174585
2551 Lyr   9 7102 174602
2552 Lyr  10 7106 174638
2553 Lyr  11 7131 175426
2554 Lyr  12 7139 175588
2555 Lyr  13 7157 175865
2556 Lyr  14 7178 176437
2557 Lyr  15 7192 176670
2558 Lyr  16 7215 177196
2559 Lyr  17 7261 178449
2560 Lyr  18 7262 178475
2561 Lyr  19 7283 179527
2562 Lyr  20 7298 180163
2563 Lyr  21 7314 180809
2564 Aql   1 6973 171443
2565 Aql   2 7020 172748
2566 Aql   3 7032 173009
2567 Aql   4 7040 173370
2568 Aql   5 7059 173654
2569 Aql   6 7063 173764
2570 Aql   7      174532
2571 Aql   8 7101 174589
2572 Aql   9 7149 175751
2573 Aql  10 7167 176232
2574 Aql  11 7172 176303
2575 Aql  12 7193 176678
2576 Aql  13 7176 176411
2577 Aql  14 7209 176984
2578 Aql  15 7225 177463
2579 Aql  16 7236 177756
2580 Aql  17 7235 177724
2581 Aql  18 7248 178125
2582 Aql  19 7266 178596
2583 Aql  20 7279 179406
2584 Aql  21 7287 179761
2585 Aql  22 7303 180482
2586 Aql  23 7319 180972
2587 Aql  24 7321 181053
2588 Aql  25 7315 180868
2589 Aql  26 7333 181391
2590 Aql  27 7336 181440
2591 Aql  28 7331 181333
2592 Aql  29 7332 181383
2593 Aql  30 7377 182640
2594 Aql  31 7373 182572
2595 Aql  32 7387 182835
2596 Aql  33*
2597 Aql  34*
2598 Aql  35 7400 183324
2599 Aql  36 7414 183630
2600 Aql  37 7430 184492
2601 Aql  38 7429 184406
2602 Aql  39 7446 184915
2603 Aql  40*
2604 Aql  41 7447 184930
2605 Aql  42 7460 185124
2606 Aql  43*
2607 Aql  44 7474 185507
2608 Aql  45 7480 185762
2609 Aql  46 7493 186122
2610 Aql  47 7497 186203
2611 Aql  48 7511 186547
2612 Aql  49 7519 186689
2613 Aql  50 7525 186791
2614 Aql  51 7553 187532
2615 Aql  52 7544 187259
2616 Aql  53 7557 187642
2617 Aql  54 7560 187691
2618 Aql  55 7570 187929
2619 Aql  56 7584 188154
2620 Aql  57 7593 188293
             7594 188294
2621 Aql  58 7596 188350
2622 Aql  59 7595 188310
2623 Aql  60 7602 188512
2624 Aql  61 7610 188728
2625 Aql  62 7667 190299
2626 Aql  63 7669 190327
2627 Aql  64 7690 191067
2628 Aql  65 7710 191692
2629 Aql  66 7720 192107
2630 Aql  67 7724 192425
2631 Aql  68 7821 194939
2632 Aql  69 7831 195135
2633 Aql  70 7873 196321
2634 Aql  71 7884 196574
2635 Sge   1 7301 180317
2636 Sge   2 7369 182490
2637 Sge   3      182571
2638 Sge   4 7463 185194
2639 Sge   5 7479 185758
2640 Sge   6 7488 185958
2641 Sge   7 7536 187076
2642 Sge   8 7546 187362
2643 Sge   9 7574 188001
2644 Sge  10 7609 188727
2645 Sge  11 7622 189090
2646 Sge  12 7635 189319
2647 Sge  13 7645 189577
2648 Sge  14 7664 190229
2649 Sge  15 7672 190406
2650 Sge  16 7679 190608
2651 Sge  17 7705 191570
2652 Sge  18 7746 192836
2653 Vul   1 7306 180554
2654 Vul   2 7318 180968
2655 Vul   3 7358 182255
2656 Vul   4 7385 182762
2657 Vul   5 7390 182919
2658 Vul   6 7405 183439
2659 Vul   7 7409 183537
2660 Vul   8 7406 183491
2661 Vul   9 7437 184606
2662 Vul  10 7506 186486
2663 Vul  11*
2664 Vul  12 7565 187811
2665 Vul  13 7592 188260
2666 Vul  14 7641 189410
2667 Vul  15 7653 189849
2668 Vul  16 7657 190004
2669 Vul  17 7688 190993
2670 Vul  18 7711 191747
2671 Vul  19 7718 192004
2672 Vul  20 7719 192044
2673 Vul  21 7731 192518
2674 Vul  22 7741 192713
2675 Vul  23 7744 192806
2676 Vul  24 7753 192944
2677 Vul  25 7789 193911
2678 Vul  26 7874 196362
2679 Vul  27 7880 196504
2680 Vul  28 7894 196740
2681 Vul  29 7891 196724
2682 Vul  30 7939 197752
2683 Vul  31 7995 198809
2684 Vul  32 8008 199169
2685 Vul  33 8032 199697
2686 Vul  34 8165 203344
2687 Vul  35 8217 204414
2688 Cyg   1 7328 181276
2689 Cyg   2 7372 182568
2690 Cyg   3 7386 182807
2691 Cyg   4 7395 183056
2692 Cyg   5*
2693 Cyg   6 7417 183912
             7418 183914
2694 Cyg   7 7408 183534
2695 Cyg   8 7426 184171
2696 Cyg   9 7441 184759
2697 Cyg  10 7420 184006
2698 Cyg  11 7457 185037
2699 Cyg  12 7478 185734
2700 Cyg  13 7469 185395
2701 Cyg  14 7483 185872
2702 Cyg  15 7517 186675
2703 Cyg  16 7503 186408
             7504 186427
2704 Cyg  17 7534 187013
2705 Cyg  18 7528 186882
2706 Cyg  19 7566 187849
2707 Cyg  20 7576 188056
2708 Cyg  21 7615 188947
2709 Cyg  22 7613 188892
2710 Cyg  23 7608 188665
2711 Cyg  24 7619 189037
2712 Cyg  25 7647 189687
2713 Cyg  26 7660 190147
2714 Cyg  27 7689 191026
2715 Cyg  28 7708 191610
2716 Cyg  29 7736 192640
2717 Cyg  30 7730 192514
2718 Cyg  31 7735 192577
2719 Cyg  32 7751 192909
2720 Cyg  33 7740 192696
2721 Cyg  34 7763 193237
2722 Cyg  35 7770 193370
2723 Cyg  36 7769 193369
2724 Cyg  37 7796 194093
2725 Cyg  38*
2726 Cyg  39 7806 194317
2727 Cyg  40 7826 195050
2728 Cyg  41 7834 195295
2729 Cyg  42 7835 195324
2730 Cyg  43 7828 195068
2731 Cyg  44 7847 195593
2732 Cyg  45 7844 195556
2733 Cyg  46 7851 195774
2734 Cyg  47 7866 196093
2735 Cyg  48 7885 196606
2736 Cyg  49 7921 197177
2737 Cyg  50 7924 197345
2738 Cyg  51 7929 197511
2739 Cyg  52 7942 197912
2740 Cyg  53 7949 197989
2741 Cyg  54 7963 198183
2742 Cyg  55 7977 198478
2743 Cyg  56 7984 198639
2744 Cyg  57 8001 199081
2745 Cyg  58 8028 199629
2746 Cyg  59 8047 200120
2747 Cyg  60 8053 200310
2748 Cyg  61 8085 201091
             8086 201092
2749 Cyg  62 8079 200905
2750 Cyg  63 8089 201251
2751 Cyg  64 8115 202109
2752 Cyg  65 8130 202444
2753 Cyg  66 8146 202904
2754 Cyg  67 8143 202850
2755 Cyg  68 8154 203064
2756 Cyg  69 8209 204172
2757 Cyg  70 8215 204403
2758 Cyg  71 8228 204771
2759 Cyg  72 8255 205512
2760 Cyg  73 8252 205435
2761 Cyg  74 8266 205835
2762 Cyg  75 8284 206330
2763 Cyg  76 8291 206538
2764 Cyg  77 8300 206644
2765 Cyg  78 8309 206826
             8310 206827
2766 Cyg  79 8307 206774
2767 Cyg  80 8301 206672
2768 Cyg  81 8335 207330
2769 Del   1 7836 195325
2770 Del   2 7852 195810
2771 Del   3 7858 195943
2772 Del   4 7871 196180
2773 Del   5 7883 196544
2774 Del   6 7882 196524
2775 Del   7 7896 196755
2776 Del   8 7892 196725
2777 Del   9 7906 196867
2778 Del  10 7918 197121
2779 Del  11 7928 197461
2780 Del  12 7947 197963
             7948 197964
2781 Del  13 7953 198069
2782 Del  14 7974 198391
2783 Del  15 7973 198390
2784 Del  16 8012 199254
2785 Del  17 8011 199253
2786 Del  18 8030 199665
2787 Equ   1 8034 199766
2788 Equ   2      200256
2789 Equ   3 8066 200644
2790 Equ   4 8077 200790
2791 Equ   5 8097 201601
2792 Equ   6 8098 201616
2793 Equ   7 8123 202275
2794 Equ   8 8131 202447
2795 Equ   9 8163 203291
2796 Equ  10 8178 203562
2797 Peg   1 8173 203504
2798 Peg   2 8225 204724
2799 Peg   3 8265 205811
2800 Peg   4 8270 205924
2801 Peg   5 8267 205852
2802 Peg   6 8277 206067
2803 Peg   7 8289 206487
2804 Peg   8 8308 206778
2805 Peg   9 8313 206859
2806 Peg  10 8315 206901
2807 Peg  11 8328 207203
2808 Peg  12 8321 207089
2809 Peg  13 8344 207652
2810 Peg  14 8343 207650
2811 Peg  15 8354 207978
2812 Peg  16 8356 208057
2813 Peg  17 8373 208565
2814 Peg  18 8385 209008
2815 Peg  19 8393 209167
2816 Peg  20 8392 209166
2817 Peg  21 8404 209459
2818 Peg  22 8413 209747
2819 Peg  23 8419 209833
2820 Peg  24 8430 210027
2821 Peg  25 8438 210129
2822 Peg  26 8450 210418
2823 Peg  27 8449 210354
2824 Peg  28 8459 210516
2825 Peg  29 8454 210459
2826 Peg  30 8513 211924
2827 Peg  31 8520 212076
2828 Peg  32 8522 212097
2829 Peg  33 8532 212395
2830 Peg  34 8548 212754
2831 Peg  35 8551 212943
2832 Peg  36 8562 213119
2833 Peg  37 8566 213235
2834 Peg  38 8574 213323
2835 Peg  39 8586 213617
2836 Peg  40 8618 214567
2837 Peg  41 8624 214698
2838 Peg  42 8634 214923
2839 Peg  43 8641 214994
2840 Peg  44 8650 215182
2841 Peg  45 8660 215510
2842 Peg  46 8665 215648
2843 Peg  47 8667 215665
2844 Peg  48 8684 216131
2845 Peg  49 8697 216385
2846 Peg  50 8717 216735
2847 Peg  51 8729 217014
2848 Peg  52 8739 217232
2849 Peg  53 8775 217906
2850 Peg  54 8781 218045
2851 Peg  55 8795 218329
2852 Peg  56 8796 218356
2853 Peg  57 8815 218634
2854 Peg  58 8821 218700
2855 Peg  59 8826 218918
2856 Peg  60 8827 218935
2857 Peg  61 8842 219477
2858 Peg  62 8880 220061
2859 Peg  63 8882 220088
2860 Peg  64 8887 220222
2861 Peg  65 8891 220318
2862 Peg  66 8893 220363
2863 Peg  67 8903 220599
2864 Peg  68 8905 220657
2865 Peg  69 8915 220933
2866 Peg  70 8923 221115
2867 Peg  71 8940 221615
2868 Peg  72 8943 221673
2869 Peg  73 8948 221758
2870 Peg  74 8960 222098
2871 Peg  75 8963 222133
2872 Peg  76      222683
2873 Peg  77 8991 222764
2874 Peg  78 8997 222842
2875 Peg  79 9025 223461
2876 Peg  80 9030 223637
2877 Peg  81 9036 223768
2878 Peg  82 9039 223781
2879 Peg  83      223792
2880 Peg  84 9064 224427
2881 Peg  85 9088 224930
2882 Peg  86    4     87
2883 Peg  87   22    448
2884 Peg  88   39    886
2885 Peg  89   45   1013
2886 Lac   1 8498 211388
2887 Lac   2 8523 212120
2888 Lac   3 8538 212496
2889 Lac   4 8541 212593
2890 Lac   5 8572 213310
2891 Lac   6 8579 213420
2892 Lac   7 8585 213558
2893 Lac   8 8603 214168
2894 Lac   9 8613 214454
2895 Lac  10 8622 214680
2896 Lac  11 8632 214868
2897 Lac  12 8640 214993
2898 Lac  13 8656 215373
2899 Lac  14 8690 216200
2900 Lac  15 8699 216397
2901 Lac  16 8725 216916
2902 Cep   1 7750 192907
2903 Cep   2 7850 195725
2904 Cep   3 7957 198149
2905 Cep   4 7945 197950
2906 Cep   5 8162 203280
2907 Cep   6 8171 203467
2908 Cep   7 8227 204770
2909 Cep   8 8238 205021
2910 Cep   9 8279 206165
2911 Cep  10 8334 207260
2912 Cep  11 8317 206952
2913 Cep  12 8339 207528
2914 Cep  13 8371 208501
2915 Cep  14 8406 209481
2916 Cep  15      209744
2917 Cep  16 8400 209369
2918 Cep  17 8417 209790
2919 Cep  18 8416 209772
2920 Cep  19 8428 209975
2921 Cep  20 8426 209960
2922 Cep  21 8465 210745
2923 Cep  22 8469 210839
2924 Cep  23 8494 211336
2925 Cep  24 8468 210807
2926 Cep  25 8511 211833
2927 Cep  26 8561 213087
2928 Cep  27 8571 213306
2929 Cep  28 8578 213403
2930 Cep  29 8591 213798
2931 Cep  30 8627 214734
2932 Cep  31 8615 214470
2933 Cep  32 8694 216228
2934 Cep  33 8819 218658
2935 Cep  34 8872 219916
2936 Cep  35 8974 222404
